Detector | Side | Skip | a_0 | a_1
 
0 0 0 0.528606 0.0178542
1 0 0 0.151859 0.0166063
2 0 0 -0.521097 0.0164402
3 0 0 -0.980035 0.0174442
4 0 0 -0.00726109 0.0156848
5 0 0 -0.212 0.0171026
6 0 0 -0.193382 0.0171937
7 0 0 -1.56113 0.0179626
8 0 0 0.087838 0.0164818
9 0 0 -1.79454 0.0185574
10 0 0 0.899364 0.0161102
11 0 0 -0.641999 0.0171905
0 1 0 -0.125875 0.0151753
1 1 0 0.0664395 0.0151654
2 1 0 -0.029725 0.0153304
3 1 0 -0.0844445 0.0148433
4 1 0 -0.285576 0.0151417
5 1 0 -0.0138132 0.0146838
6 1 0 -0.200815 0.0151767
7 1 0 0.077035 0.0145808
8 1 0 -0.0415114 0.01424
9 1 0 -0.0635584 0.0142197
10 1 0 -0.0353396 0.0148649
11 1 0 -0.0610717 0.0152918
0 0 1 0.373044 0.00252065
1 0 1 -0.281869 0.00407652
2 0 1 0.173873 0.00223429
3 0 1 0.61325 0.0012393
4 0 1 0.497057 0.00265993
5 0 1 -0.204281 0.00261902
6 0 1 0.0836391 0.00277492
7 0 1 -0.633324 0.00343016
8 0 1 0.267043 0.00318933
9 0 1 -0.521917 0.00327629
10 0 1 0.620482 0.00284916
11 0 1 -0.316144 0.00371987
0 1 1 -0.0879364 0.00192907
1 1 1 0.0956823 0.00185911
2 1 1 0.00288316 0.00198491
3 1 1 -0.0840702 0.00193449
4 1 1 -0.255741 0.00198695
5 1 1 0.0735287 0.00188994
6 1 1 -0.192853 0.00202077
7 1 1 0.0944107 0.00178876
8 1 1 -0.100564 0.00196415
9 1 1 -0.243332 0.00197077
10 1 1 0.035672 0.00165611
11 1 1 -0.0284409 0.00200166
0 0 2 0.288579 0.000595061
1 0 2 -0.405046 0.00054544
2 0 2 0.21425 0.000351874
3 0 2 0.657567 -0.000692214
4 0 2 0.510237 8.69328e-05
5 0 2 -0.233135 0.000725242
6 0 2 0.0446992 0.000896221
7 0 2 -0.678951 0.000917248
8 0 2 0.326619 0.000623355
9 0 2 -0.539628 0.000718635
10 0 2 0.147172 0.000208057
11 0 2 -0.377655 0.000965095
0 1 2 -0.0737345 0.000344334
1 1 2 0.0911692 0.000316559
2 1 2 -0.0305693 0.000472744
3 1 2 -0.160335 0.000571971
4 1 2 -0.218411 0.000487952
5 1 2 0.0632134 0.000411855
6 1 2 -0.178441 0.00048491
7 1 2 0.116354 0.000269364
8 1 2 0.0345223 0.000443511
9 1 2 -0.103742 0.000534752
10 1 2 -0.00923564 0.000189925
11 1 2 -0.0238575 0.000459381
