#Detector | Side | Skip | a_0 | a_1
#Manually changed side 0  to 1 and vise versa because I was originally calling side 0 the DC side, but old NCT and Clio were doing the opposite. Whoops. Then, in Antarctica, I manually changed the Detector number to correspond to the new mapping.

 
3 1 0 0.0367227 0.014819
0 1 0 0.484833 0.014315
1 1 0 0.145073 0.014666
2 1 0 -2.82417 0.0192134
5 1 0 0.227316 0.0145653
6 1 0 0.151713 0.0144765
4 1 0 0.184349 0.0141778
7 1 0 0.10767 0.0144137
10 1 0 -0.0966355 0.0145684
11 1 0 0.248337 0.0144792
8 1 0 0.068672 0.0137224
9 1 0 0.195844 0.0135414
3 0 0 0.145619 0.015549
0 0 0 0.739853 0.0164997
1 0 0 0.856062 0.0156687
2 0 0 0.351416 0.0151572
5 0 0 0.0348345 0.0159006
6 0 0 0.438013 0.0162422
4 0 0 0.190339 0.0158667
7 0 0 0.938774 0.0151262
10 0 0 0.0115163 0.0158602
11 0 0 -0.133137 0.016439
8 0 0 0.384968 0.0151702
9 0 0 0.375227 0.0156169
3 1 1 0.235282 0.00162457
0 1 1 0.375427 0.00148602
1 1 1 0.187459 0.00178707
2 1 1 -0.241057 0.00222711
5 1 1 0.351022 0.0016223
6 1 1 0.103912 0.0016455
4 1 1 0.357629 0.0015877
7 1 1 0.208676 0.00158561
10 1 1 0.0919282 0.00175355
11 1 1 0.0593499 0.00189051
8 1 1 0.016422 0.00163411
9 1 1 0.154722 0.00150702
3 0 1 0.46602 0.00255426
0 0 1 0.859847 0.00193732
1 0 1 0.805923 0.00366327
2 0 1 0.609239 0.00169239
5 0 1 0.176942 0.00282174
6 0 1 0.607163 0.00204581
4 0 1 0.324675 0.00195017
7 0 1 0.680082 0.00276324
10 0 1 0.067209 0.00364707
11 0 1 0.0814046 0.00302883
8 0 1 0.528025 0.00250715
9 0 1 0.24778 0.00271514
3 1 2 0.0830948 0.000350952
0 1 2 0.399278 -7.32348e-05
1 1 2 0.0945693 0.000375623
2 1 2 0.750783 -0.00083237
5 1 2 0.390912 6.18753e-05
6 1 2 0.193893 4.7779e-05
4 1 2 0.383334 0.000127431
7 1 2 0.184724 0.000107852
10 1 2 0.16582 0.000253062
11 1 2 0.244643 0.00016124
8 1 2 0.120192 0.000194746
9 1 2 0.298929 1.49057e-05
3 0 2 0.61391 -7.96462e-05
0 0 2 0.690379 0.000127027
1 0 2 0.907686 -2.44097e-05
2 0 2 0.476617 0.000117512
5 0 2 0.253241 0.000223309
6 0 2 0.545814 0.000193239
4 0 2 0.431257 -9.77341e-05
7 0 2 0.775094 0.000110968
10 0 2 -0.179196 0.000424513
11 0 2 0.0598483 0.000213509
8 0 2 0.523808 1.61167e-05
9 0 2 0.498148 -0.000132046
