Detector | Side | Skip | a_0 | a_1
 
0 0 0 0.332509 0.0173488
1 0 0 0.442266 0.0162367
2 0 0 -0.0598903 0.0160705
3 0 0 1.52599 0.0146719
4 0 0 -0.251867 0.016044
5 0 0 -0.108676 0.0163998
6 0 0 1.02087 0.016146
7 0 0 0.196079 0.0162228
8 0 0 -0.217866 0.0164217
9 0 0 -0.49447 0.0168823
10 0 0 -0.268157 0.0164531
11 0 0 -0.0345303 0.0167372
0 1 0 0.376036 0.0147942
1 1 0 0.101531 0.0149732
2 1 0 0.0360385 0.0150482
3 1 0 0.0029957 0.0146168
4 1 0 0.0581296 0.0147781
5 1 0 0.109706 0.014464
6 1 0 0.114056 0.0146529
7 1 0 -0.0886734 0.0147732
8 1 0 -0.903683 0.0151412
9 1 0 1.41558 0.0132218
10 1 0 -0.0623719 0.0148526
11 1 0 0.270129 0.0148536
0 0 1 0.506732 0.00269633
1 0 1 0.567086 0.00423644
2 0 1 -0.0364792 0.00306602
3 0 1 1.04114 0.00193463
4 0 1 -0.114952 0.00351493
5 0 1 0.122642 0.00249331
6 0 1 0.946946 0.00233199
7 0 1 0.413508 0.00359179
8 0 1 0.0350046 0.00369031
9 0 1 -0.0176009 0.00337599
10 0 1 -0.199767 0.00416131
11 0 1 0.136057 0.00336747
0 1 1 0.454487 0.00177529
1 1 1 0.108664 0.00210117
2 1 1 0.0527713 0.00220044
3 1 1 -0.0415529 0.0020984
4 1 1 0.121871 0.00196367
5 1 1 0.145127 0.00218293
6 1 1 0.114512 0.00193862
7 1 1 0.0308946 0.00207137
8 1 1 -0.822881 0.00297464
9 1 1 0.248656 0.00298386
10 1 1 0.00780787 0.00214903
11 1 1 0.348655 0.00201369
0 0 2 0.409092 0.000969552
1 0 2 0.710888 0.000435841
2 0 2 -0.176921 0.00145116
3 0 2 1.06054 -3.95576e-05
4 0 2 0.0502815 0.00073586
5 0 2 0.0774455 0.000676675
6 0 2 1.0784 7.35683e-05
7 0 2 0.613233 0.000684786
8 0 2 0.140582 0.00119061
9 0 2 -0.0213168 0.000703265
10 0 2 -0.216682 0.000585625
11 0 2 0.128638 0.0005733
0 1 2 0.477567 0.00022409
1 1 2 0.140273 0.000497755
2 1 2 0.0869382 0.000667757
3 1 2 0.150314 0.00048418
4 1 2 0.156095 0.000518355
5 1 2 0.131235 0.000811245
6 1 2 0.115919 0.000479561
7 1 2 -0.0121263 0.000740962
8 1 2 -0.749783 0.00162279
9 1 2 0.420033 0.00120404
10 1 2 0.0708144 0.000573353
11 1 2 0.330576 0.000593873
