Detector | Side | Skip | a_0 | a_1
 
0 0 0 0.609615 0.0165994
1 0 0 -0.469591 0.016794
2 0 0 0.123737 0.0156717
3 0 0 0.682405 0.0152557
4 0 0 0.378877 0.0158323
5 0 0 -0.0528834 0.0158727
6 0 0 0.222247 0.0164806
7 0 0 -0.898587 0.0165729
8 0 0 0.433874 0.0156298
9 0 0 -0.634784 0.0167501
10 0 0 0.640315 0.0155182
11 0 0 0.0866428 0.0164388
0 1 0 0.190876 0.0144337
1 1 0 0.0214362 0.0153189
2 1 0 -0.0520798 0.0154786
3 1 0 0.0049534 0.0148115
4 1 0 -0.27151 0.0152666
5 1 0 0.180274 0.0136881
6 1 0 0.107266 0.0145612
7 1 0 0.118583 0.0147992
8 1 0 -0.016784 0.0142361
9 1 0 -0.0239986 0.0142713
10 1 0 -0.255363 0.0152043
11 1 0 0.474284 0.0143662
0 0 1 0.636914 0.00172936
1 0 1 -0.440764 0.0044235
2 0 1 0.252976 0.00213678
3 0 1 0.60349 0.00135461
4 0 1 0.51994 0.0027077
5 0 1 -0.018104 0.00174891
6 0 1 0.248564 0.00196711
7 0 1 -0.876735 0.00348113
8 0 1 0.346797 0.00293442
9 0 1 -0.552844 0.00341042
10 0 1 0.580514 0.0031303
11 0 1 0.128038 0.00280454
0 1 1 0.148452 0.00117538
1 1 1 -0.0347983 0.00212462
2 1 1 -0.17277 0.00232414
3 1 1 -0.0572452 0.00192269
4 1 1 -0.30975 0.00216403
5 1 1 0.179294 0.00101906
6 1 1 0.0818417 0.00139244
7 1 1 0.0955328 0.00198017
8 1 1 -0.0714952 0.00187942
9 1 1 -0.291367 0.00218923
10 1 1 -0.171883 0.00204654
11 1 1 0.432233 0.00118344
0 0 2 0.627163 -0.000267931
1 0 2 -0.41039 0.000649787
2 0 2 0.224912 0.000378958
3 0 2 0.700747 -0.000762298
4 0 2 0.528514 0.00010277
5 0 2 -0.0162126 -0.000217339
6 0 2 0.222884 5.75992e-05
7 0 2 -0.778548 0.000678929
8 0 2 0.469248 0.000228038
9 0 2 -0.444774 0.000634852
10 0 2 0.589944 -0.000489148
11 0 2 0.139875 -5.49406e-05
0 1 2 0.19761 -0.000474024
1 1 2 -0.0324067 0.000592402
2 1 2 -0.161652 0.000705686
3 1 2 -0.119254 0.000589588
4 1 2 -0.278114 0.000689081
5 1 2 0.198011 -0.000507966
6 1 2 0.0730136 -0.000152391
7 1 2 0.112506 0.00046759
8 1 2 0.0503691 0.000394736
9 1 2 0.0773828 0.00032746
10 1 2 -0.200953 0.000587129
11 1 2 0.470166 -0.00041514
