Detector | Side | Skip | a_0 | a_1
 
0 0 0 0.61293 0.0166423
1 0 0 -0.900345 0.0164133
2 0 0 -0.794339 0.0156405
3 0 0 0.69422 0.0154018
4 0 0 0.0307179 0.015118
5 0 0 -0.0520819 0.0159206
6 0 0 0.226641 0.016525
7 0 0 -0.682836 0.0155174
8 0 0 -0.529849 0.0159828
9 0 0 -0.624259 0.016759
10 0 0 0.353524 0.0154261
11 0 0 0.0890664 0.0164765
0 1 0 0.193258 0.0144863
1 1 0 -0.659241 0.0145945
2 1 0 -0.731455 0.0147767
3 1 0 0.0194262 0.0148228
4 1 0 -0.500497 0.0145698
5 1 0 0.179356 0.0137444
6 1 0 0.101608 0.0146263
7 1 0 -0.228023 0.0143163
8 1 0 -0.504722 0.0138626
9 1 0 0.0270376 0.0142692
10 1 0 -1.10546 0.0144301
11 1 0 0.480171 0.014404
0 0 1 0.636212 0.00179167
1 0 1 -0.810987 0.00394584
2 0 1 -0.673979 0.00212127
3 0 1 0.608039 0.00139239
4 0 1 0.0924689 0.0020272
5 0 1 -0.00229864 0.00177999
6 0 1 0.249525 0.00201899
7 0 1 -0.631912 0.00235147
8 0 1 -0.617467 0.00327752
9 0 1 -0.524566 0.00343083
10 0 1 0.368554 0.00280582
11 0 1 0.144563 0.00281605
0 1 1 0.15281 0.00123242
1 1 1 -0.70434 0.00143879
2 1 1 -0.790603 0.00158751
3 1 1 -0.0446444 0.00194227
4 1 1 -0.577945 0.00160179
5 1 1 0.18236 0.00107473
6 1 1 0.0896454 0.00144894
7 1 1 -0.270391 0.00156429
8 1 1 -0.603001 0.00158359
9 1 1 -0.213819 0.00215693
10 1 1 -1.068 0.001407
11 1 1 0.448442 0.00123443
0 0 2 0.626096 -0.000245467
1 0 2 -0.763734 0.000116727
2 0 2 -0.70447 0.000349037
3 0 2 0.666381 -0.000641468
4 0 2 0.159729 -0.000726063
5 0 2 -0.00487104 -0.000196513
6 0 2 0.226285 0.000106213
7 0 2 -0.544281 -0.000376734
8 0 2 -0.492856 0.000584173
9 0 2 -0.447178 0.000667511
10 0 2 0.395247 -0.000879914
11 0 2 0.150498 -1.7298e-05
0 1 2 0.20475 -0.000433025
1 1 2 -0.718685 -0.000114763
2 1 2 -0.792052 7.63382e-07
3 1 2 -0.125759 0.000619641
4 1 2 -0.528306 7.0557e-05
5 1 2 0.204804 -0.00046858
6 1 2 0.0832929 -0.000111174
7 1 2 -0.207738 -5.83576e-05
8 1 2 -0.430756 3.93037e-05
9 1 2 0.175123 0.000267036
10 1 2 -1.0142 -0.000144185
11 1 2 0.481027 -0.000383314
