Detector | Side | Skip | a_0 | a_1
 
0 0 0 -0.0393502 0.0179641
1 0 0 -0.633441 0.0170113
2 0 0 -0.0286796 0.0158984
3 0 0 0.579442 0.0155789
4 0 0 0.328743 0.0159173
5 0 0 -0.298071 0.0168362
6 0 0 0.00401802 0.0172145
7 0 0 -0.629255 0.0164828
8 0 0 0.37779 0.015753
9 0 0 -0.735389 0.0168571
10 0 0 0.617186 0.0155582
11 0 0 -0.353075 0.0173196
0 1 0 -0.375488 0.0157247
1 1 0 -0.128226 0.0154954
2 1 0 -0.235819 0.0156931
3 1 0 -0.101112 0.0149379
4 1 0 -0.468317 0.0154431
5 1 0 -0.202206 0.0149626
6 1 0 -0.231681 0.0153073
7 1 0 -0.0651916 0.0149491
8 1 0 -0.111879 0.014351
9 1 0 -0.151883 0.0144107
10 1 0 -0.41091 0.0153634
11 1 0 -0.198103 0.0155031
0 0 1 -0.0495712 0.00309507
1 0 1 -0.624226 0.00467464
2 0 1 0.141116 0.0022848
3 0 1 0.636096 0.00137252
4 0 1 0.462522 0.00278485
5 0 1 -0.295518 0.00275397
6 0 1 -0.00561831 0.00284077
7 0 1 -0.594211 0.00335913
8 0 1 0.289084 0.00304548
9 0 1 -0.606531 0.00341653
10 0 1 0.583656 0.00314489
11 0 1 -0.318533 0.00369539
0 1 1 -0.452371 0.00251319
1 1 1 -0.199433 0.00232651
2 1 1 -0.352997 0.00253164
3 1 1 -0.16847 0.00207276
4 1 1 -0.545204 0.00242581
5 1 1 -0.201167 0.00230539
6 1 1 -0.300048 0.00224567
7 1 1 -0.110066 0.00215285
8 1 1 -0.165405 0.00201393
9 1 1 -0.434617 0.00230086
10 1 1 -0.350278 0.00223333
11 1 1 -0.287967 0.00240415
0 0 2 -0.0658231 0.00108039
1 0 2 -0.539715 0.000759477
2 0 2 0.0849348 0.000606875
3 0 2 0.674084 -0.000608337
4 0 2 0.481988 0.000187595
5 0 2 -0.288538 0.000801665
6 0 2 0.00647382 0.000856771
7 0 2 -0.532069 0.000669893
8 0 2 0.417364 0.000324848
9 0 2 -0.545509 0.000732954
10 0 2 0.57066 -0.000445695
11 0 2 -0.320459 0.000853605
0 1 2 -0.437888 0.000920256
1 1 2 -0.200729 0.000799643
2 1 2 -0.352763 0.000939461
3 1 2 -0.271054 0.00079103
4 1 2 -0.521959 0.000968853
5 1 2 -0.191886 0.00077553
6 1 2 -0.278065 0.000709984
7 1 2 -0.122947 0.000679348
8 1 2 -0.0142946 0.000480973
9 1 2 -0.200721 0.000626086
10 1 2 -0.387986 0.000798722
11 1 2 -0.248932 0.000792341
