Temperature Calibration, each strip is fit with pol1 and the results are saved here 
CT dss 0 1 0 1.00947 -0.000276221
CT dss 0 2 0 1.01021 -0.000297556
CT dss 0 3 0 1.01032 -0.00030083
CT dss 0 4 0 1.01104 -0.000321875
CT dss 0 5 0 1.01275 -0.000371768
CT dss 0 6 0 1.01281 -0.000373578
CT dss 0 7 0 1.01082 -0.00031539
CT dss 0 8 0 1.01152 -0.000335768
CT dss 0 9 0 1.01119 -0.000326329
CT dss 0 10 0 1.01155 -0.000336641
CT dss 0 11 0 1.01433 -0.000417761
CT dss 0 12 0 1.01147 -0.000334312
CT dss 0 13 0 1.0099 -0.000288639
CT dss 0 14 0 1.01137 -0.00033146
CT dss 0 15 0 1.01253 -0.000365322
CT dss 0 16 0 1.01465 -0.000427108
CT dss 0 17 0 1.01028 -0.000299824
CT dss 0 18 0 1.01222 -0.000356235
CT dss 0 19 0 1.01241 -0.00036177
CT dss 0 20 0 1.01201 -0.000350137
CT dss 0 21 0 1.01114 -0.000324685
CT dss 0 22 0 1.01186 -0.00034564
CT dss 0 23 0 1.01283 -0.000374107
CT dss 0 24 0 1.01075 -0.00031335
CT dss 0 25 0 1.01058 -0.00030857
CT dss 0 26 0 1.01291 -0.000376524
CT dss 0 27 0 1.01049 -0.000305889
CT dss 0 28 0 1.00992 -0.000289234
CT dss 0 29 0 1.01394 -0.000406445
CT dss 0 30 0 1.01276 -0.000372078
CT dss 0 31 0 1.01134 -0.000330693
CT dss 0 32 0 1.01421 -0.00041437
CT dss 0 33 0 1.01311 -0.000382157
CT dss 0 34 0 1.01134 -0.000330714
CT dss 0 35 0 1.01259 -0.000367073
CT dss 0 36 0 1.00995 -0.000289952
CT dss 0 37 1 1.01065 -0.000312222
CT dss 0 1 1 1.01106 -0.000324267
CT dss 0 2 1 1.01181 -0.000346397
CT dss 0 3 1 1.01201 -0.000352129
CT dss 0 4 1 1.01283 -0.000376196
CT dss 0 5 1 1.00934 -0.000273966
CT dss 0 6 1 1.01211 -0.00035511
CT dss 0 7 1 1.01064 -0.000312036
CT dss 0 8 1 1.01104 -0.000323879
CT dss 0 9 1 1.01059 -0.000310698
CT dss 0 10 1 1.01242 -0.000364197
CT dss 0 11 1 1.01083 -0.000317554
CT dss 0 12 1 1.0116 -0.000340203
CT dss 0 13 1 1.0155 -0.00045463
CT dss 0 14 1 1.01117 -0.000327545
CT dss 0 15 1 1.01069 -0.000313377
CT dss 0 16 1 1.01173 -0.000343936
CT dss 0 17 1 1.01052 -0.00030858
CT dss 0 18 1 1.01055 -0.000309437
CT dss 0 19 1 1.0128 -0.000375277
CT dss 0 20 1 1.01214 -0.00035611
CT dss 0 21 1 1.00946 -0.000277555
CT dss 0 22 1 1.01175 -0.000344685
CT dss 0 23 1 1.00931 -0.000272946
CT dss 0 24 1 1.01185 -0.000347451
CT dss 0 25 1 1.01437 -0.000421329
CT dss 0 26 1 1.01253 -0.000367352
CT dss 0 27 1 1.01106 -0.000324334
CT dss 0 28 1 1.00991 -0.000290749
CT dss 0 29 1 1.01565 -0.000459024
CT dss 0 30 1 1.01254 -0.000367846
CT dss 0 31 1 1.00968 -0.000283778
CT dss 0 32 1 1.01028 -0.000301406
CT dss 0 33 1 1.01193 -0.000349767
CT dss 0 34 1 1.01376 -0.000403373
CT dss 0 35 1 1.01055 -0.000309472
CT dss 0 36 1 1.00993 -0.000291281
CT dss 0 37 2 1.01283 -0.000384212
CT dss 1 1 0 1.0092 -0.00027546
CT dss 1 2 0 1.01128 -0.000337704
CT dss 1 3 0 1.00984 -0.00029453
CT dss 1 4 0 1.0107 -0.00032032
CT dss 1 5 0 1.01123 -0.000336317
CT dss 1 6 0 1.01149 -0.000343975
CT dss 1 7 0 1.01153 -0.00034521
CT dss 1 8 0 1.01047 -0.000313452
CT dss 1 9 0 1.01114 -0.000333627
CT dss 1 10 0 1.01098 -0.000328748
CT dss 1 11 0 1.01169 -0.000349881
CT dss 1 12 0 1.01127 -0.000337305
CT dss 1 13 0 1.00996 -0.000298309
CT dss 1 14 0 1.0114 -0.000341227
CT dss 1 15 0 1.0121 -0.000362176
CT dss 1 16 0 1.01087 -0.000325526
CT dss 1 17 0 1.00969 -0.000290149
CT dss 1 18 0 1.01007 -0.000301516
CT dss 1 19 0 1.01178 -0.000352675
CT dss 1 20 0 1.01124 -0.000336504
CT dss 1 21 0 1.01231 -0.000368567
CT dss 1 22 0 1.00973 -0.000291392
CT dss 1 23 0 1.01084 -0.000324445
CT dss 1 24 0 1.01137 -0.000340537
CT dss 1 25 0 1.01059 -0.000316932
CT dss 1 26 0 1.01017 -0.000304638
CT dss 1 27 0 1.01114 -0.00033368
CT dss 1 28 0 1.01066 -0.000319069
CT dss 1 29 0 1.01199 -0.00035905
CT dss 1 30 0 1.01229 -0.000368061
CT dss 1 31 0 1.0117 -0.000350309
CT dss 1 32 0 1.01027 -0.000307387
CT dss 1 33 0 1.01067 -0.000319586
CT dss 1 34 0 1.00969 -0.000290266
CT dss 1 35 0 1.01181 -0.000353682
CT dss 1 36 0 1.00993 -0.000297218
CT dss 1 37 1 1.01025 -0.000292836
CT dss 1 1 1 1.0104 -0.00029716
CT dss 1 2 1 1.00853 -0.000243725
CT dss 1 3 1 1.01036 -0.000295913
CT dss 1 4 1 1.01341 -0.00038314
CT dss 1 5 1 1.01011 -0.000288916
CT dss 1 6 1 1.01122 -0.0003205
CT dss 1 7 1 1.01047 -0.000299092
CT dss 1 8 1 1.01029 -0.000293933
CT dss 1 9 1 1.012 -0.000342997
CT dss 1 10 1 1.00944 -0.00026974
CT dss 1 11 1 1.00942 -0.000269116
CT dss 1 12 1 1.01079 -0.000308311
CT dss 1 13 1 1.01156 -0.000330358
CT dss 1 14 1 1.01118 -0.000319414
CT dss 1 15 1 1.01106 -0.000316044
CT dss 1 16 1 1.0117 -0.000334221
CT dss 1 17 1 1.01189 -0.000339606
CT dss 1 18 1 1.011 -0.000314384
CT dss 1 19 1 1.01052 -0.000300695
CT dss 1 20 1 1.0111 -0.000317256
CT dss 1 21 1 1.01072 -0.000306312
CT dss 1 22 1 1.01079 -0.000308336
CT dss 1 23 1 1.01279 -0.000365293
CT dss 1 24 1 1.01 -0.000285649
CT dss 1 25 1 1.0114 -0.000325637
CT dss 1 26 1 1.01147 -0.000327827
CT dss 1 27 1 1.00952 -0.000271981
CT dss 1 28 1 1.00946 -0.000270311
CT dss 1 29 1 1.00999 -0.000285296
CT dss 1 30 1 1.0102 -0.000291424
CT dss 1 31 1 1.01245 -0.000355624
CT dss 1 32 1 1.01011 -0.000288825
CT dss 1 33 1 1.01201 -0.000343206
CT dss 1 34 1 1.00963 -0.000275101
CT dss 1 35 1 1.00933 -0.000266597
CT dss 1 36 1 1.01048 -0.000299433
CT dss 1 37 2 1.01003 -0.000281025
CT dss 2 1 0 1.01174 -0.000328947
CT dss 2 2 0 1.01357 -0.000380241
CT dss 2 3 0 1.01429 -0.000400204
CT dss 2 4 0 1.01212 -0.000339414
CT dss 2 5 0 1.01287 -0.000360459
CT dss 2 6 0 1.0132 -0.000369774
CT dss 2 7 0 1.01361 -0.000381142
CT dss 2 8 0 1.01191 -0.000333608
CT dss 2 9 0 1.0134 -0.000375437
CT dss 2 10 0 1.01323 -0.000370461
CT dss 2 11 0 1.0133 -0.000372631
CT dss 2 12 0 1.01278 -0.000357863
CT dss 2 13 0 1.01042 -0.000291758
CT dss 2 14 0 1.01437 -0.000402632
CT dss 2 15 0 1.01226 -0.000343304
CT dss 2 16 0 1.01349 -0.000377882
CT dss 2 17 0 1.01268 -0.000355118
CT dss 2 18 0 1.0129 -0.000361483
CT dss 2 19 0 1.01331 -0.000372712
CT dss 2 20 0 1.01347 -0.00037723
CT dss 2 21 0 1.01328 -0.000372018
CT dss 2 22 0 1.01122 -0.000314304
CT dss 2 23 0 1.0155 -0.000434229
CT dss 2 24 0 1.01193 -0.000334209
CT dss 2 25 0 1.01315 -0.000368375
CT dss 2 26 0 1.01402 -0.000392786
CT dss 2 27 0 1.01534 -0.000429605
CT dss 2 28 0 1.0143 -0.000400445
CT dss 2 29 0 1.01473 -0.000412675
CT dss 2 30 0 1.01504 -0.000421268
CT dss 2 31 0 1.01026 -0.000287324
CT dss 2 32 0 1.01218 -0.0003411
CT dss 2 33 0 1.00891 -0.000249531
CT dss 2 34 0 1.01261 -0.000353213
CT dss 2 35 0 1.01495 -0.000418684
CT dss 2 36 0 1.01347 -0.000377424
CT dss 2 37 1 1.01177 -0.000352336
CT dss 2 1 1 1.0096 -0.000287376
CT dss 2 2 1 1.01119 -0.000335081
CT dss 2 3 1 1.01169 -0.000349865
CT dss 2 4 1 1.01147 -0.000343304
CT dss 2 5 1 1.01063 -0.000318296
CT dss 2 6 1 1.01095 -0.000327921
CT dss 2 7 1 1.01281 -0.000383389
CT dss 2 8 1 1.01137 -0.000340532
CT dss 2 9 1 1.01155 -0.000345913
CT dss 2 10 1 1.01179 -0.0003529
CT dss 2 11 1 1.00943 -0.000282351
CT dss 2 12 1 1.01172 -0.000351038
CT dss 2 13 1 1.01107 -0.000331543
CT dss 2 14 1 1.01197 -0.000358425
CT dss 2 15 1 1.01319 -0.000394838
CT dss 2 16 1 1.01222 -0.000365752
CT dss 2 17 1 1.01127 -0.000337318
CT dss 2 18 1 1.01127 -0.00033744
CT dss 2 19 1 1.01303 -0.000390247
CT dss 2 20 1 1.01176 -0.000352205
CT dss 2 21 1 1.01232 -0.000368726
CT dss 2 22 1 1.01099 -0.000329022
CT dss 2 23 1 1.01203 -0.000360113
CT dss 2 24 1 1.01088 -0.000325614
CT dss 2 25 1 1.01339 -0.000400832
CT dss 2 26 1 1.01248 -0.000373669
CT dss 2 27 1 1.01215 -0.000363765
CT dss 2 28 1 1.01237 -0.00037032
CT dss 2 29 1 1.00992 -0.000296995
CT dss 2 30 1 1.01199 -0.000358982
CT dss 2 31 1 1.01337 -0.000400346
CT dss 2 32 1 1.01061 -0.000317603
CT dss 2 33 1 1.01192 -0.000356837
CT dss 2 34 1 1.01086 -0.000325121
CT dss 3 1 0 1.0097 -0.000297631
CT dss 3 2 0 1.00997 -0.000305886
CT dss 3 3 0 1.00983 -0.000301512
CT dss 3 4 0 1.0106 -0.000325231
CT dss 3 5 0 1.01195 -0.000366449
CT dss 3 6 0 1.01027 -0.000314966
CT dss 3 7 0 1.0111 -0.000340354
CT dss 3 8 0 1.01104 -0.000338574
CT dss 3 9 0 1.01063 -0.000326027
CT dss 3 10 0 1.01225 -0.000375823
CT dss 3 11 0 1.01201 -0.000368255
CT dss 3 13 0 1.01014 -0.000311004
CT dss 3 14 0 1.01038 -0.000318508
CT dss 3 15 0 1.00975 -0.000299109
CT dss 3 16 0 1.01239 -0.00038016
CT dss 3 17 0 1.01121 -0.000343853
CT dss 3 18 0 1.01173 -0.000359867
CT dss 3 19 0 1.01049 -0.000321814
CT dss 3 20 0 1.01062 -0.000325715
CT dss 3 21 0 1.01214 -0.000372344
CT dss 3 22 0 1.01075 -0.000329776
CT dss 3 23 0 1.01101 -0.000337873
CT dss 3 24 0 1.01038 -0.000318392
CT dss 3 25 0 1.01221 -0.000374424
CT dss 3 26 0 1.01247 -0.0003825
CT dss 3 27 0 1.00978 -0.000299884
CT dss 3 28 0 1.01066 -0.000326942
CT dss 3 29 0 1.01125 -0.000345083
CT dss 3 30 0 1.01063 -0.000326195
CT dss 3 31 0 1.00996 -0.000305534
CT dss 3 32 0 1.01153 -0.000353614
CT dss 3 33 0 1.01225 -0.000375806
CT dss 3 34 0 1.00974 -0.000298917
CT dss 3 35 0 1.00917 -0.000281423
CT dss 3 36 0 1.00952 -0.000291936
CT dss 3 37 1 1.01092 -0.000335112
CT dss 3 1 1 1.00995 -0.0003051
CT dss 3 2 1 1.01309 -0.000401429
CT dss 3 3 1 1.01223 -0.000375015
CT dss 3 4 1 1.01274 -0.000390762
CT dss 3 5 1 1.01081 -0.000331548
CT dss 3 6 1 1.01126 -0.00034538
CT dss 3 7 1 1.01013 -0.000310771
CT dss 3 8 1 1.01343 -0.000411952
CT dss 3 9 1 1.01184 -0.000363159
CT dss 3 10 1 1.01411 -0.000432929
CT dss 3 11 1 1.01052 -0.000322759
CT dss 3 12 1 1.01189 -0.000364843
CT dss 3 13 1 1.01268 -0.000389096
CT dss 3 14 1 1.01302 -0.000399468
CT dss 3 15 1 1.01143 -0.000350533
CT dss 3 16 1 1.01043 -0.000319979
CT dss 3 17 1 1.01101 -0.000337629
CT dss 3 18 1 1.01073 -0.000329103
CT dss 3 19 1 1.01352 -0.000414752
CT dss 3 20 1 1.01165 -0.000357421
CT dss 3 21 1 1.01196 -0.000366952
CT dss 3 22 1 1.01107 -0.000339692
CT dss 3 23 1 1.01066 -0.000326862
CT dss 3 24 1 1.01115 -0.00034192
CT dss 3 25 1 1.01048 -0.00032156
CT dss 3 26 1 1.01236 -0.000379131
CT dss 3 27 1 1.01051 -0.000322484
CT dss 3 28 1 1.01156 -0.000354655
CT dss 3 29 1 1.01254 -0.000384604
CT dss 3 30 1 1.01213 -0.00037199
CT dss 3 31 1 1.01179 -0.000361763
CT dss 3 32 1 1.01116 -0.000342471
CT dss 3 33 1 1.01261 -0.000386683
CT dss 3 34 1 1.01194 -0.000366163
CT dss 3 35 1 1.01272 -0.000390051
CT dss 3 36 1 1.01026 -0.000314796
CT dss 3 37 2 1.00871 -0.000255383
CT dss 4 1 0 1.0085 -0.000249241
CT dss 4 2 0 1.01261 -0.00036967
CT dss 4 3 0 1.00992 -0.000291032
CT dss 4 4 0 1.00897 -0.000263139
CT dss 4 5 0 1.00962 -0.000282103
CT dss 4 6 0 1.0106 -0.000310802
CT dss 4 7 0 1.01085 -0.000318306
CT dss 4 8 0 1.00884 -0.000259125
CT dss 4 9 0 1.00976 -0.000286318
CT dss 4 10 0 1.01228 -0.000360164
CT dss 4 11 0 1.00922 -0.000270486
CT dss 4 12 0 1.01202 -0.000352596
CT dss 4 13 0 1.0108 -0.00031675
CT dss 4 14 0 1.01127 -0.000330487
CT dss 4 15 0 1.01051 -0.000308292
CT dss 4 16 0 1.01198 -0.000351398
CT dss 4 17 0 1.01028 -0.000301406
CT dss 4 18 0 1.01042 -0.000305581
CT dss 4 19 0 1.00832 -0.000244104
CT dss 4 20 0 1.01207 -0.000353844
CT dss 4 21 0 1.0106 -0.00031092
CT dss 4 22 0 1.00906 -0.000265655
CT dss 4 23 0 1.01228 -0.000360163
CT dss 4 24 0 1.01048 -0.000307248
CT dss 4 25 0 1.00998 -0.000292611
CT dss 4 26 0 1.01082 -0.000317347
CT dss 4 27 0 1.01006 -0.00029507
CT dss 4 28 0 1.01029 -0.000301745
CT dss 4 29 0 1.01007 -0.00029542
CT dss 4 30 0 1.00923 -0.000270587
CT dss 4 31 0 1.00918 -0.000269232
CT dss 4 32 0 1.0109 -0.000319719
CT dss 4 33 0 1.00979 -0.000287157
CT dss 4 34 0 1.00982 -0.000288011
CT dss 4 35 0 1.01205 -0.000353461
CT dss 4 36 0 1.01013 -0.000297089
CT dss 4 37 1 1.00964 -0.000295644
CT dss 4 1 1 1.00994 -0.000304901
CT dss 4 2 1 1.01002 -0.000307418
CT dss 4 3 1 1.01155 -0.000354415
CT dss 4 4 1 1.0115 -0.0003529
CT dss 4 5 1 1.01411 -0.000432826
CT dss 4 6 1 1.02663 -0.000816903
CT dss 4 7 1 1.01059 -0.000324881
CT dss 4 8 1 1.01126 -0.000345338
CT dss 4 9 1 1.01095 -0.000336016
CT dss 4 10 1 1.01209 -0.000371008
CT dss 4 11 1 1.01035 -0.000317427
CT dss 4 12 1 1.01312 -0.000402541
CT dss 4 13 1 1.01307 -0.000400961
CT dss 4 14 1 1.00989 -0.000303477
CT dss 4 15 1 1.01252 -0.000384056
CT dss 4 16 1 1.01059 -0.000324738
CT dss 4 17 1 1.01225 -0.000375677
CT dss 4 18 1 1.01077 -0.000330289
CT dss 4 19 1 1.01327 -0.000407064
CT dss 4 20 1 1.01269 -0.000389408
CT dss 4 21 1 1.01122 -0.000344113
CT dss 4 22 1 1.01173 -0.000359843
CT dss 4 23 1 1.01051 -0.000322449
CT dss 4 24 1 1.01343 -0.000412072
CT dss 4 25 1 1.01169 -0.00035858
CT dss 4 26 1 1.00983 -0.000301607
CT dss 4 27 1 1.00965 -0.000295861
CT dss 4 28 1 1.01255 -0.000384866
CT dss 4 29 1 1.01204 -0.000369429
CT dss 4 30 1 1.01119 -0.000343335
CT dss 4 31 1 1.01193 -0.000365858
CT dss 4 32 1 1.01164 -0.000357136
CT dss 4 33 1 1.01088 -0.000333644
CT dss 4 34 1 1.00992 -0.00030416
CT dss 4 35 1 1.01001 -0.00030713
CT dss 4 36 1 1.01116 -0.000342384
CT dss 4 37 2 1.01096 -0.00031686
CT dss 5 1 0 1.01134 -0.000327787
CT dss 5 2 0 1.01328 -0.000383883
CT dss 5 3 0 1.01165 -0.000336725
CT dss 5 4 0 1.01148 -0.000331865
CT dss 5 5 0 1.01164 -0.000336318
CT dss 5 6 0 1.01284 -0.000371215
CT dss 5 7 0 1.01167 -0.000337295
CT dss 5 8 0 1.01331 -0.000384661
CT dss 5 9 0 1.01323 -0.000382229
CT dss 5 10 0 1.01323 -0.000382326
CT dss 5 11 0 1.01188 -0.000343313
CT dss 5 12 0 1.0132 -0.000381532
CT dss 5 13 0 1.01214 -0.0003509
CT dss 5 14 0 1.01175 -0.000339537
CT dss 5 15 0 1.01161 -0.000335577
CT dss 5 16 0 1.01217 -0.000351828
CT dss 5 17 0 1.0122 -0.000352701
CT dss 5 18 0 1.01203 -0.000347663
CT dss 5 19 0 1.01273 -0.000368024
CT dss 5 20 0 1.01279 -0.000369607
CT dss 5 21 0 1.01186 -0.000342697
CT dss 5 22 0 1.01372 -0.00039664
CT dss 5 23 0 1.01295 -0.000374348
CT dss 5 24 0 1.01088 -0.000314333
CT dss 5 25 0 1.01331 -0.000384586
CT dss 5 26 0 1.01322 -0.000382139
CT dss 5 27 0 1.01122 -0.000324158
CT dss 5 28 0 1.02612 -0.000754951
CT dss 5 29 0 1.01253 -0.000362231
CT dss 5 30 0 1.01313 -0.000379572
CT dss 5 31 0 1.01041 -0.00030092
CT dss 5 32 0 1.01215 -0.000351149
CT dss 5 33 0 1.01205 -0.00034817
CT dss 5 34 0 1.0121 -0.000349712
CT dss 5 35 0 1.01084 -0.000313401
CT dss 5 36 0 1.01273 -0.000367887
CT dss 5 37 1 1.01148 -0.000335747
CT dss 5 1 1 1.00996 -0.000291298
CT dss 5 2 1 1.00933 -0.000272935
CT dss 5 3 1 1.01167 -0.000341186
CT dss 5 4 1 1.01062 -0.000310575
CT dss 5 5 1 1.01225 -0.000358186
CT dss 5 6 1 1.01033 -0.000302108
CT dss 5 7 1 1.01346 -0.000393586
CT dss 5 8 1 1.01194 -0.000349047
CT dss 5 9 1 1.01191 -0.00034819
CT dss 5 10 1 1.01017 -0.00029736
CT dss 5 11 1 1.01228 -0.000359151
CT dss 5 12 1 1.01045 -0.000305679
CT dss 5 13 1 1.01185 -0.000346566
CT dss 5 14 1 1.01097 -0.00032079
CT dss 5 15 1 1.01119 -0.000327253
CT dss 5 16 1 1.01091 -0.000319045
CT dss 5 17 1 1.01203 -0.000351751
CT dss 5 18 1 1.01209 -0.000353616
CT dss 5 19 1 1.01154 -0.000337403
CT dss 5 20 1 1.01007 -0.000294325
CT dss 5 21 1 1.00915 -0.000267581
CT dss 5 22 1 1.01091 -0.000318899
CT dss 5 23 1 1.01369 -0.000400386
CT dss 5 24 1 1.00866 -0.000253119
CT dss 5 25 1 1.01168 -0.000341548
CT dss 5 26 1 1.01038 -0.000303569
CT dss 5 27 1 1.01256 -0.000367306
CT dss 5 28 1 1.01062 -0.000310567
CT dss 5 29 1 1.01279 -0.000373853
CT dss 5 30 1 1.00814 -0.000237873
CT dss 5 31 1 1.0123 -0.000359625
CT dss 5 32 1 1.01105 -0.000323194
CT dss 5 33 1 1.01186 -0.000346782
CT dss 5 34 1 1.01039 -0.000303908
CT dss 5 35 1 1.01252 -0.00036607
CT dss 5 36 1 1.00892 -0.000260919
CT dss 5 37 2 1.01047 -0.00032814
CT dss 6 1 0 1.00862 -0.000270294
CT dss 6 2 0 1.00976 -0.000305905
CT dss 6 3 0 1.01097 -0.000343873
CT dss 6 4 0 1.01179 -0.000369504
CT dss 6 5 0 1.01001 -0.000313823
CT dss 6 6 0 1.01038 -0.000325481
CT dss 6 7 0 1.00931 -0.000291964
CT dss 6 8 0 1.0114 -0.000357512
CT dss 6 9 0 1.01086 -0.0003404
CT dss 6 10 0 1.01063 -0.000333315
CT dss 6 11 0 1.00899 -0.000281785
CT dss 6 12 0 1.0106 -0.000332312
CT dss 6 13 0 1.01123 -0.000351931
CT dss 6 14 0 1.01024 -0.000321024
CT dss 6 15 0 1.0153 -0.000479522
CT dss 6 16 0 1.01145 -0.000359089
CT dss 6 17 0 1.01044 -0.000327185
CT dss 6 18 0 1.01088 -0.000341216
CT dss 6 19 0 1.01087 -0.0003406
CT dss 6 20 0 1.0102 -0.000319595
CT dss 6 21 0 1.00925 -0.000290125
CT dss 6 22 0 1.01163 -0.000364708
CT dss 6 23 0 1.00775 -0.000243027
CT dss 6 24 0 1.00906 -0.000283952
CT dss 6 25 0 1.01043 -0.000326846
CT dss 6 26 0 1.01105 -0.00034627
CT dss 6 27 0 1.01012 -0.000317114
CT dss 6 28 0 1.01 -0.00031341
CT dss 6 29 0 1.0096 -0.000300807
CT dss 6 30 0 1.01036 -0.000324783
CT dss 6 31 0 1.00936 -0.000293349
CT dss 6 32 0 1.01029 -0.00032268
CT dss 6 33 0 1.01103 -0.000345627
CT dss 6 34 0 1.01114 -0.000349343
CT dss 6 35 0 1.01297 -0.000406472
CT dss 6 36 0 1.01012 -0.000317324
CT dss 6 37 1 1.01072 -0.000303685
CT dss 6 1 1 1.00958 -0.000271412
CT dss 6 2 1 1.00942 -0.000266894
CT dss 6 3 1 1.00834 -0.00023625
CT dss 6 4 1 1.0082 -0.000232417
CT dss 6 5 1 1.01284 -0.000363865
CT dss 6 6 1 1.01773 -0.000502361
CT dss 6 7 1 1.01163 -0.000329361
CT dss 6 8 1 1.01046 -0.000296424
CT dss 6 9 1 1.01113 -0.000315415
CT dss 6 10 1 1.00965 -0.00027351
CT dss 6 11 1 1.0106 -0.00030029
CT dss 6 12 1 1.01062 -0.000300777
CT dss 6 13 1 1.01038 -0.000294187
CT dss 6 14 1 1.00999 -0.000283117
CT dss 6 15 1 1.01172 -0.000332046
CT dss 6 16 1 1.01103 -0.000312353
CT dss 6 17 1 1.01044 -0.000295869
CT dss 6 18 1 1.01202 -0.000340486
CT dss 6 19 1 1.01276 -0.000361559
CT dss 6 20 1 1.01032 -0.000292382
CT dss 6 21 1 1.01061 -0.000300534
CT dss 6 22 1 1.01753 -0.000496635
CT dss 6 23 1 1.01123 -0.000318071
CT dss 6 24 1 1.01214 -0.000343892
CT dss 6 25 1 1.01126 -0.000318923
CT dss 6 26 1 1.01287 -0.000364578
CT dss 6 27 1 1.0115 -0.000325711
CT dss 6 28 1 1.01021 -0.000289367
CT dss 6 29 1 1.01176 -0.000333163
CT dss 6 30 1 1.01006 -0.00028486
CT dss 6 31 1 1.01205 -0.000341501
CT dss 6 32 1 1.01136 -0.000321845
CT dss 6 33 1 1.01289 -0.000365114
CT dss 6 34 1 1.01064 -0.00030144
CT dss 6 35 1 1.01194 -0.000338136
CT dss 6 36 1 1.01274 -0.000360922
CT dss 6 37 2 1.00879 -0.000260106
CT dss 7 1 0 1.00769 -0.000227576
CT dss 7 2 0 1.01067 -0.000315682
CT dss 7 3 0 1.01164 -0.000344299
CT dss 7 4 0 1.00902 -0.000266807
CT dss 7 5 0 1.01124 -0.000332687
CT dss 7 6 0 1.01102 -0.000326137
CT dss 7 7 0 1.01066 -0.000315494
CT dss 7 8 0 1.01091 -0.000322654
CT dss 7 9 0 1.01023 -0.000302677
CT dss 7 10 0 1.01113 -0.000329323
CT dss 7 11 0 1.01413 -0.000418106
CT dss 7 12 0 1.01287 -0.000380628
CT dss 7 13 0 1.01194 -0.000353363
CT dss 7 14 0 1.01154 -0.000341421
CT dss 7 15 0 1.01122 -0.000331939
CT dss 7 16 0 1.01047 -0.000309635
CT dss 7 17 0 1.01112 -0.000329122
CT dss 7 18 0 1.01077 -0.000318739
CT dss 7 19 0 1.01072 -0.000317198
CT dss 7 20 0 1.01034 -0.000305854
CT dss 7 21 0 1.00967 -0.000286001
CT dss 7 22 0 1.01033 -0.000305743
CT dss 7 23 0 1.00975 -0.000288329
CT dss 7 24 0 1.01126 -0.000333111
CT dss 7 25 0 1.01078 -0.000318888
CT dss 7 26 0 1.01009 -0.000298599
CT dss 7 27 0 1.01104 -0.000326517
CT dss 7 28 0 1.0114 -0.000337175
CT dss 7 29 0 1.01048 -0.000309995
CT dss 7 30 0 1.01023 -0.000302802
CT dss 7 31 0 1.01247 -0.000368903
CT dss 7 32 0 1.01016 -0.000300566
CT dss 7 33 0 1.00968 -0.000286458
CT dss 7 34 0 1.01034 -0.000305895
CT dss 7 36 0 1.01295 -0.000383185
CT dss 7 37 1 1.00964 -0.000281135
CT dss 7 1 1 1.01145 -0.000333891
CT dss 7 2 1 1.01266 -0.000368991
CT dss 7 3 1 1.01312 -0.0003826
CT dss 7 4 1 1.01484 -0.000432664
CT dss 7 5 1 1.00927 -0.000270198
CT dss 7 6 1 1.01393 -0.000405988
CT dss 7 7 1 1.01188 -0.000346336
CT dss 7 8 1 1.01373 -0.000400388
CT dss 7 9 1 1.00993 -0.000289472
CT dss 7 10 1 1.0128 -0.000373303
CT dss 7 11 1 1.01185 -0.000345494
CT dss 7 12 1 1.01139 -0.000331994
CT dss 7 13 1 1.01277 -0.00037217
CT dss 7 14 1 1.01395 -0.000406585
CT dss 7 15 1 1.01229 -0.000358375
CT dss 7 16 1 1.01225 -0.000357116
CT dss 7 17 1 1.01231 -0.000358772
CT dss 7 18 1 1.01186 -0.000345752
CT dss 7 19 1 1.00994 -0.000289802
CT dss 7 20 1 1.01376 -0.000401118
CT dss 7 21 1 1.01254 -0.000365507
CT dss 7 22 1 1.01007 -0.000293688
CT dss 7 23 1 1.01341 -0.000391098
CT dss 7 24 1 1.01374 -0.000400685
CT dss 7 25 1 1.01481 -0.000431836
CT dss 7 26 1 1.01263 -0.000368236
CT dss 7 27 1 1.0139 -0.0004053
CT dss 7 28 1 1.01296 -0.000377789
CT dss 7 29 1 1.01332 -0.00038843
CT dss 7 30 1 1.01551 -0.000452142
CT dss 7 31 1 1.01318 -0.000384225
CT dss 7 32 1 1.01069 -0.000311654
CT dss 7 33 1 1.01532 -0.000446615
CT dss 7 34 1 1.01252 -0.000364885
CT dss 7 35 1 1.014 -0.000408115
CT dss 7 36 1 1.01166 -0.000339916
CT dss 7 37 2 1.01379 -0.000417948
CT dss 8 1 0 1.00987 -0.000299023
CT dss 8 2 0 1.01187 -0.000359709
CT dss 8 3 0 1.01024 -0.000310213
CT dss 8 4 0 1.01081 -0.000327543
CT dss 8 5 0 1.01276 -0.000386529
CT dss 8 6 0 1.01004 -0.000304191
CT dss 8 7 0 1.01243 -0.000376813
CT dss 8 8 0 1.01447 -0.000438635
CT dss 8 9 0 1.01161 -0.00035188
CT dss 8 10 0 1.01048 -0.000317705
CT dss 8 11 0 1.01067 -0.000323423
CT dss 8 12 0 1.01128 -0.000341674
CT dss 8 13 0 1.01144 -0.000346589
CT dss 8 14 0 1.01083 -0.000328144
CT dss 8 15 0 1.00953 -0.000288665
CT dss 8 16 0 1.01228 -0.000372143
CT dss 8 17 0 1.01248 -0.000378247
CT dss 8 18 0 1.01224 -0.000370809
CT dss 8 19 0 1.01331 -0.00040325
CT dss 8 20 0 1.01173 -0.000355311
CT dss 8 21 0 1.01253 -0.000379799
CT dss 8 22 0 1.0123 -0.000372842
CT dss 8 23 0 1.0114 -0.00034548
CT dss 8 24 0 1.01169 -0.000354125
CT dss 8 25 0 1.01019 -0.000308703
CT dss 8 26 0 1.01295 -0.000392347
CT dss 8 27 0 1.0137 -0.000415029
CT dss 8 28 0 1.01132 -0.000343137
CT dss 8 29 0 1.01148 -0.0003479
CT dss 8 30 0 1.01217 -0.000368937
CT dss 8 31 0 1.01366 -0.00041394
CT dss 8 32 0 1.01084 -0.000328583
CT dss 8 33 0 1.01187 -0.000359802
CT dss 8 34 0 1.01166 -0.000353215
CT dss 8 35 0 1.0118 -0.000357608
CT dss 8 36 0 1.01101 -0.000333717
CT dss 8 37 1 1.01243 -0.000365448
CT dss 8 1 1 1.00999 -0.000293859
CT dss 8 2 1 1.01215 -0.000357458
CT dss 8 3 1 1.01175 -0.000345502
CT dss 8 4 1 1.01247 -0.000366658
CT dss 8 5 1 1.00857 -0.000252166
CT dss 8 6 1 1.01271 -0.000373836
CT dss 8 7 1 1.0123 -0.000361631
CT dss 8 8 1 1.01095 -0.000321966
CT dss 8 9 1 1.01344 -0.000395289
CT dss 8 10 1 1.01421 -0.000417808
CT dss 8 11 1 1.01163 -0.000342085
CT dss 8 12 1 1.01139 -0.000334939
CT dss 8 13 1 1.01162 -0.000341689
CT dss 8 14 1 1.00976 -0.000287027
CT dss 8 15 1 1.01147 -0.000337306
CT dss 8 16 1 1.01312 -0.000385833
CT dss 8 17 1 1.01314 -0.000386529
CT dss 8 18 1 1.012 -0.000353017
CT dss 8 19 1 1.01157 -0.000340206
CT dss 8 20 1 1.01184 -0.000348289
CT dss 8 21 1 1.01425 -0.000418989
CT dss 8 22 1 1.01237 -0.000363869
CT dss 8 23 1 1.01344 -0.000395234
CT dss 8 24 1 1.01168 -0.0003436
CT dss 8 25 1 1.0121 -0.000355806
CT dss 8 26 1 1.0101 -0.000297154
CT dss 8 27 1 1.00972 -0.000285967
CT dss 8 28 1 1.01081 -0.00031791
CT dss 8 29 1 1.01359 -0.000399803
CT dss 8 30 1 1.01008 -0.000296517
CT dss 8 31 1 1.01226 -0.000360582
CT dss 8 32 1 1.01187 -0.000349199
CT dss 8 33 1 1.01345 -0.000395524
CT dss 8 34 1 1.01275 -0.000374919
CT dss 8 35 1 1.013 -0.000382324
CT dss 8 36 1 1.01254 -0.000368802
CT dss 8 37 2 1.01093 -0.000307787
CT dss 9 1 0 1.01272 -0.000358225
CT dss 9 2 0 1.01584 -0.00044622
CT dss 9 3 0 1.01205 -0.000339387
CT dss 9 4 0 1.0143 -0.000402736
CT dss 9 5 0 1.01281 -0.000360876
CT dss 9 6 0 1.01336 -0.000376234
CT dss 9 7 0 1.01448 -0.000407764
CT dss 9 8 0 1.01541 -0.000433951
CT dss 9 9 0 1.01203 -0.000338895
CT dss 9 10 0 1.01615 -0.000454895
CT dss 9 11 0 1.01369 -0.000385659
CT dss 9 12 0 1.01468 -0.000413471
CT dss 9 13 0 1.01345 -0.000378967
CT dss 9 14 0 1.01402 -0.000394976
CT dss 9 15 0 1.01302 -0.000366695
CT dss 9 16 0 1.01119 -0.00031523
CT dss 9 17 0 1.01241 -0.000349634
CT dss 9 18 0 1.0132 -0.000371713
CT dss 9 19 0 1.01318 -0.00037123
CT dss 9 20 0 1.01379 -0.000388367
CT dss 9 21 0 1.01279 -0.00036021
CT dss 9 22 0 1.01178 -0.00033197
CT dss 9 23 0 1.01388 -0.000390907
CT dss 9 24 0 1.01246 -0.000351121
CT dss 9 25 0 1.01246 -0.000351066
CT dss 9 26 0 1.01375 -0.000387241
CT dss 9 27 0 1.01433 -0.000403625
CT dss 9 28 0 1.01407 -0.000396216
CT dss 9 29 0 1.00734 -0.000206839
CT dss 9 30 0 1.01472 -0.000414557
CT dss 9 31 0 1.01437 -0.000404929
CT dss 9 32 0 1.0147 -0.000414177
CT dss 9 33 0 1.01308 -0.000368388
CT dss 9 34 0 1.01279 -0.000360151
CT dss 9 35 0 1.01457 -0.000410352
CT dss 9 36 0 1.01181 -0.00033263
CT dss 9 37 1 1.01167 -0.000340376
CT dss 9 1 1 1.00952 -0.000277421
CT dss 9 2 1 1.01044 -0.000304293
CT dss 9 3 1 1.00995 -0.000290077
CT dss 9 4 1 1.01051 -0.000306529
CT dss 9 5 1 1.01159 -0.000337815
CT dss 9 6 1 1.01025 -0.0002987
CT dss 9 7 1 1.01075 -0.000313297
CT dss 9 8 1 1.00799 -0.000232897
CT dss 9 9 1 1.01062 -0.000309649
CT dss 9 10 1 1.01079 -0.000314444
CT dss 9 11 1 1.00982 -0.000286384
CT dss 9 12 1 1.01233 -0.000359468
CT dss 9 13 1 1.00763 -0.000222435
CT dss 9 14 1 1.00912 -0.000265857
CT dss 9 15 1 1.01089 -0.000317583
CT dss 9 16 1 1.01009 -0.000294301
CT dss 9 17 1 1.00881 -0.00025677
CT dss 9 18 1 1.01047 -0.000305265
CT dss 9 19 1 1.01057 -0.000308093
CT dss 9 20 1 1.01121 -0.000326962
CT dss 9 21 1 1.01154 -0.000336393
CT dss 9 22 1 1.00892 -0.000260065
CT dss 9 23 1 1.01059 -0.000308878
CT dss 9 24 1 1.01091 -0.000318207
CT dss 9 25 1 1.01116 -0.000325358
CT dss 9 26 1 1.01127 -0.000328429
CT dss 9 27 1 1.00951 -0.000277301
CT dss 9 28 1 1.01067 -0.000311081
CT dss 9 29 1 1.01162 -0.000338787
CT dss 9 30 1 1.01009 -0.000294227
CT dss 9 31 1 1.0093 -0.00027109
CT dss 9 32 1 1.00893 -0.000260492
CT dss 9 33 1 1.01138 -0.000331813
CT dss 9 34 1 1.01205 -0.000351224
CT dss 9 35 1 1.00957 -0.000278932
CT dss 9 36 1 1.00862 -0.000251429
CT dss 9 37 2 1.01161 -0.000331801
CT dss 10 1 0 1.01238 -0.000353722
CT dss 10 2 0 1.0126 -0.000359885
CT dss 10 3 0 1.01128 -0.000322368
CT dss 10 4 0 1.01397 -0.000399069
CT dss 10 5 0 1.01401 -0.000400286
CT dss 10 6 0 1.01142 -0.000326393
CT dss 10 7 0 1.01141 -0.000326079
CT dss 10 8 0 1.01167 -0.000333287
CT dss 10 9 0 1.01176 -0.000336087
CT dss 10 10 0 1.01102 -0.000314723
CT dss 10 11 0 1.01421 -0.000406068
CT dss 10 12 0 1.01209 -0.000345411
CT dss 10 13 0 1.01356 -0.00038752
CT dss 10 14 0 1.01119 -0.000319647
CT dss 10 15 0 1.01113 -0.00031814
CT dss 10 16 0 1.01183 -0.00033803
CT dss 10 17 0 1.0124 -0.000354169
CT dss 10 18 0 1.01151 -0.000328787
CT dss 10 19 0 1.00839 -0.000239725
CT dss 10 20 0 1.01522 -0.000434911
CT dss 10 21 0 1.01458 -0.000416593
CT dss 10 22 0 1.01277 -0.00036482
CT dss 10 23 0 1.01186 -0.000338776
CT dss 10 24 0 1.01117 -0.000319242
CT dss 10 25 0 1.01202 -0.000343466
CT dss 10 26 0 1.01435 -0.00041014
CT dss 10 27 0 1.01084 -0.000309811
CT dss 10 28 0 1.01148 -0.00032791
CT dss 10 29 0 1.01356 -0.000387483
CT dss 10 30 0 1.01274 -0.000364034
CT dss 10 31 0 1.01192 -0.000340506
CT dss 10 32 0 1.01237 -0.000353542
CT dss 10 33 0 1.01185 -0.000338693
CT dss 10 34 0 1.01303 -0.000372325
CT dss 10 35 0 1.01174 -0.000335479
CT dss 10 36 0 1.01143 -0.000326582
CT dss 10 37 1 1.01188 -0.000333767
CT dss 10 1 1 1.00825 -0.000231746
CT dss 10 2 1 1.00965 -0.000271124
CT dss 10 3 1 1.00937 -0.000263327
CT dss 10 4 1 1.01109 -0.000311526
CT dss 10 5 1 1.01017 -0.000285645
CT dss 10 6 1 1.00996 -0.000279686
CT dss 10 7 1 1.01175 -0.000330171
CT dss 10 8 1 1.01073 -0.000301448
CT dss 10 9 1 1.01036 -0.000290898
CT dss 10 10 1 1.00973 -0.000273252
CT dss 10 11 1 1.0122 -0.000342628
CT dss 10 12 1 1.01113 -0.000312574
CT dss 10 13 1 1.01201 -0.00033747
CT dss 10 14 1 1.00904 -0.00025385
CT dss 10 15 1 1.01125 -0.000316015
CT dss 10 16 1 1.01021 -0.000286805
CT dss 10 17 1 1.00977 -0.000274533
CT dss 10 18 1 1.01002 -0.000281587
CT dss 10 19 1 1.01134 -0.000318654
CT dss 10 20 1 1.01155 -0.000324479
CT dss 10 21 1 1.01087 -0.000305376
CT dss 10 22 1 1.00939 -0.000263881
CT dss 10 23 1 1.01145 -0.000321535
CT dss 10 24 1 1.01063 -0.000298523
CT dss 10 25 1 1.01021 -0.000286713
CT dss 10 26 1 1.00997 -0.00028002
CT dss 10 27 1 1.01087 -0.000305427
CT dss 10 28 1 1.01122 -0.000315206
CT dss 10 29 1 1.01007 -0.000282935
CT dss 10 30 1 1.00927 -0.000260485
CT dss 10 31 1 1.01063 -0.00029856
CT dss 10 32 1 1.01213 -0.000340729
CT dss 10 33 1 1.01203 -0.000337942
CT dss 10 34 1 1.0109 -0.000306151
CT dss 10 35 1 1.00963 -0.000270464
CT dss 10 36 1 1.00876 -0.000246024
CT dss 10 37 2 1.0084 -0.000241402
CT dss 11 1 0 1.01441 -0.000413955
CT dss 11 2 0 1.01321 -0.000379573
CT dss 11 3 0 1.01382 -0.000397178
CT dss 11 4 0 1.01412 -0.000405767
CT dss 11 5 0 1.01588 -0.000456289
CT dss 11 6 0 1.01121 -0.000322202
CT dss 11 7 0 1.01319 -0.000379151
CT dss 11 8 0 1.01531 -0.000439937
CT dss 11 9 0 1.0171 -0.000491239
CT dss 11 10 0 1.01381 -0.000396824
CT dss 11 11 0 1.01327 -0.000381198
CT dss 11 12 0 1.01565 -0.000449848
CT dss 11 13 0 1.01494 -0.00042931
CT dss 11 14 0 1.01489 -0.000427869
CT dss 11 15 0 1.01223 -0.000351549
CT dss 11 16 0 1.01504 -0.000432296
CT dss 11 17 0 1.01454 -0.000417874
CT dss 11 18 0 1.01239 -0.000356031
CT dss 11 19 0 1.01467 -0.000421644
CT dss 11 20 0 1.0126 -0.000362002
CT dss 11 21 0 1.0145 -0.00041671
CT dss 11 22 0 1.01229 -0.000353269
CT dss 11 23 0 1.0135 -0.000387957
CT dss 11 24 0 1.01464 -0.000420555
CT dss 11 25 0 1.01405 -0.000403658
CT dss 11 26 0 1.01252 -0.000359675
CT dss 11 27 0 1.01335 -0.000383539
CT dss 11 28 0 1.01602 -0.000460228
CT dss 11 29 0 1.0167 -0.000479981
CT dss 11 30 0 1.01185 -0.000340512
CT dss 11 31 0 1.0121 -0.00034763
CT dss 11 32 0 1.01321 -0.000379544
CT dss 11 33 0 1.01694 -0.000486694
CT dss 11 34 0 1.01317 -0.000378337
CT dss 11 35 0 1.01352 -0.000388545
CT dss 11 36 0 1.01445 -0.000415351
CT dss 11 37 1 1.0137 -0.000391526
CT dss 11 1 1 1.01006 -0.000287557
CT dss 11 2 1 1.01097 -0.000313388
CT dss 11 3 1 1.01014 -0.000289651
CT dss 11 4 1 1.0109 -0.000311491
CT dss 11 5 1 1.01023 -0.000292317
CT dss 11 6 1 1.00931 -0.00026586
CT dss 11 7 1 1.01038 -0.000296676
CT dss 11 8 1 1.01168 -0.000333717
CT dss 11 9 1 1.01164 -0.000332674
CT dss 11 10 1 1.01293 -0.000369339
CT dss 11 11 1 1.01084 -0.000309646
CT dss 11 12 1 1.01018 -0.000290966
CT dss 11 13 1 1.01181 -0.00033753
CT dss 11 14 1 1.01248 -0.000356647
CT dss 11 15 1 1.01185 -0.00033847
CT dss 11 16 1 1.01039 -0.00029677
CT dss 11 17 1 1.01069 -0.000305381
CT dss 11 18 1 1.01127 -0.000322036
CT dss 11 19 1 1.01019 -0.000291044
CT dss 11 20 1 1.01124 -0.00032107
CT dss 11 21 1 1.00957 -0.000273429
CT dss 11 22 1 1.01102 -0.000314887
CT dss 11 23 1 1.01174 -0.000335538
CT dss 11 24 1 1.01172 -0.000334855
CT dss 11 25 1 1.0131 -0.000374237
CT dss 11 26 1 1.01003 -0.000286654
CT dss 11 27 1 1.00998 -0.000285022
CT dss 11 28 1 1.01029 -0.000293976
CT dss 11 29 1 1.01203 -0.000343758
CT dss 11 30 1 1.0103 -0.000294245
CT dss 11 31 1 1.01239 -0.000354043
CT dss 11 32 1 1.01042 -0.000297733
CT dss 11 33 1 1.01226 -0.000350146
CT dss 11 34 1 1.01018 -0.000290898
CT dss 11 35 1 1.01126 -0.000321761
CT dss 11 36 1 1.00993 -0.000283811
CT dss 11 37 2 1 -0.000286295
