00010	86.000000	170.515945	46.319874	0.093764	0.451145	466.167175
00011	82.000000	153.251663	39.302837	0.292097	0.351460	438.194244
00020	85.000000	175.193253	51.458408	0.224065	0.385686	458.510101
00021	80.000000	167.416824	36.539867	0.526220	0.234064	441.732330
00030	87.000000	184.107437	56.731976	0.185687	0.402837	459.223267
00031	86.000000	199.918442	48.028488	0.421707	0.288086	458.219330
00040	81.000000	162.376266	68.305351	0.000000	0.497285	461.851410
00041	82.000000	189.766510	50.145393	0.378478	0.308792	455.218353
00050	83.000000	195.565765	63.224216	0.173149	0.410042	470.864960
00051	83.000000	150.776428	47.424004	0.354844	0.322241	433.190369
00060	81.000000	171.429337	61.092941	0.145649	0.426136	457.458282
00061	81.000000	159.423462	39.103561	0.489835	0.253697	439.948730
00070	79.000000	177.909180	50.640553	0.257718	0.366955	452.873505
00071	83.000000	187.777023	57.161034	0.278460	0.360813	458.968994
00080	84.000000	181.436325	56.709988	0.151291	0.421715	461.045410
00081	89.000000	190.155273	46.750607	0.359085	0.319003	457.778503
00090	82.000000	204.687042	51.443184	0.241148	0.371780	464.798859
00091	81.000000	145.686768	53.565838	0.307681	0.344436	445.878662
00100	81.000000	195.076538	54.644352	0.204548	0.393591	460.812805
00101	82.000000	163.459778	44.986568	0.442818	0.276563	447.850006
00110	85.000000	225.539505	54.888027	0.303866	0.342779	478.479156
00111	81.000000	183.313690	59.805634	0.260627	0.370599	454.219391
00120	82.000000	193.859268	48.582203	0.266311	0.360124	461.349670
00121	80.000000	181.458847	48.944386	0.363955	0.316155	448.491699
00130	83.000000	183.868225	58.138424	0.187433	0.405517	457.798004
00131	86.000000	189.605362	49.521999	0.526290	0.235445	456.239105
00140	79.000000	188.583282	58.312592	0.200985	0.395602	458.643433
00141	82.000000	147.296387	46.337315	0.400736	0.299344	433.351624
00150	76.000000	187.339294	50.897957	0.212575	0.388661	458.430389
00151	81.000000	169.741104	54.586414	0.193276	0.401198	450.627777
00160	85.000000	190.212830	50.308514	0.260259	0.366715	461.512695
00161	79.000000	180.122101	42.713032	0.399128	0.298772	445.688202
00170	82.000000	187.484619	54.274551	0.213084	0.389708	458.619446
00171	85.000000	152.698746	51.245659	0.380953	0.308348	446.490479
00180	84.000000	179.318222	66.620338	0.149029	0.423620	463.110962
00181	83.000000	175.232147	52.707317	0.254868	0.371686	453.348633
00190	84.000000	171.253723	57.351040	0.145330	0.424416	458.796021
00191	80.000000	148.543655	57.698837	0.265045	0.366499	449.563660
00200	77.000000	185.436508	48.329140	0.305996	0.341754	450.494537
00201	77.000000	170.580917	46.607437	0.394531	0.301181	445.617310
00210	87.000000	184.139206	61.627411	0.112542	0.441278	462.936493
00211	81.000000	186.158646	45.355572	0.371867	0.312770	449.799103
00220	82.000000	183.329590	51.959969	0.201267	0.395461	454.991852
00221	83.000000	146.433014	48.845047	0.380763	0.307933	435.545471
00230	88.000000	182.290878	65.269402	0.136907	0.430640	464.510895
00231	81.000000	179.893066	46.738899	0.361435	0.318277	448.321259
00240	84.000000	192.201035	63.455006	0.175440	0.410259	469.479828
00241	79.000000	199.397263	42.212753	0.416076	0.290265	451.541473
00250	83.000000	187.666641	53.678749	0.232452	0.379473	460.549072
00251	84.000000	134.905731	73.091255	0.195743	0.402580	452.770142
00260	85.000000	206.758545	63.359417	0.177935	0.406906	473.312500
00261	85.000000	164.911423	51.345966	0.487239	0.255605	450.787415
00270	83.000000	182.756638	47.079048	0.325201	0.334855	453.717651
00271	82.000000	182.111755	44.154747	0.392543	0.302868	449.421021
00280	84.000000	163.026077	67.484665	0.000001	0.498790	458.063843
00281	83.000000	180.639572	45.506062	0.393148	0.301074	450.844360
00290	87.000000	187.945969	70.081238	0.154614	0.421252	468.201904
00291	86.000000	146.024567	64.378212	0.341114	0.328986	455.227112
00300	80.000000	188.959793	54.688511	0.214171	0.388746	456.343597
00301	77.000000	163.324112	51.279572	0.512003	0.243001	444.023071
00310	79.000000	182.827866	49.007904	0.298708	0.346122	453.784668
00311	81.000000	186.533371	42.845978	0.415239	0.289399	451.561584
00320	83.000000	202.937439	54.413071	0.295272	0.348294	468.671967
00321	84.000000	183.662643	52.003437	0.360835	0.319058	451.875854
00330	80.000000	182.601135	53.722008	0.155878	0.418312	458.327911
00331	83.000000	147.272903	47.922085	0.432141	0.283603	439.594391
00340	82.000000	189.659836	55.174664	0.252224	0.371109	460.174347
00341	86.000000	155.302719	47.368210	0.450991	0.272947	446.810486
00350	83.000000	182.054642	59.390305	0.024643	0.485003	463.398651
00351	79.000000	198.609390	33.191978	0.478715	0.256705	448.267548
00360	83.000000	179.121597	63.501293	0.151482	0.424489	462.781647
00361	86.000000	188.388458	42.907143	0.422080	0.287428	454.586090
00370	79.000000	176.009995	43.296478	0.085330	0.452581	459.260651
00371	80.000000	160.460236	55.238388	0.364006	0.317681	471.254517
01010	81.000000	184.204803	47.410179	0.192808	0.400666	470.924072
01011	82.000000	174.142181	31.793453	0.315997	0.341317	435.372711
01020	83.000000	197.621063	60.141190	0.238911	0.376919	478.658600
01021	82.000000	178.624603	41.913868	0.350793	0.322866	442.830414
01030	83.000000	186.569977	59.910858	0.200579	0.397355	464.422852
01031	81.000000	155.495392	45.223476	0.311493	0.344687	431.342896
01040	82.000000	185.387863	56.594135	0.235744	0.379191	469.856384
01041	83.000000	185.132217	64.824173	0.156986	0.422605	458.070068
01050	81.000000	205.959824	56.756557	0.237759	0.376052	471.994263
01051	83.000000	169.633698	38.169521	0.394607	0.301350	440.049042
01060	87.000000	182.846024	64.945869	0.169892	0.413787	463.362427
01061	82.000000	188.278656	50.326096	0.312148	0.343660	451.840973
01070	79.000000	201.600113	54.036247	0.301580	0.343142	465.504150
01071	83.000000	162.964478	49.147472	0.237471	0.380065	442.704926
01080	89.000000	178.726074	73.163696	0.072413	0.463402	469.911041
01081	83.000000	167.873001	55.724709	0.195619	0.401557	452.284302
01090	81.000000	182.775620	63.543190	0.159127	0.416564	463.602234
01091	86.000000	177.680664	38.440559	0.404038	0.295758	448.272247
01100	83.000000	196.031815	59.922596	0.184573	0.404771	468.582703
01101	91.000000	192.816025	45.216572	0.422217	0.286151	459.724152
01110	79.000000	193.819748	69.862709	0.132626	0.429414	469.759857
01111	85.000000	151.282837	50.490166	0.167950	0.415977	437.608612
01120	78.000000	180.853302	65.169205	0.043569	0.473821	465.365082
01121	82.000000	161.938354	47.296684	0.297078	0.349697	446.249359
01130	86.000000	168.864990	74.258514	0.066386	0.466487	464.719818
01131	79.000000	169.585190	41.719696	0.394799	0.302128	439.218079
01140	81.000000	208.463531	55.737949	0.280445	0.354017	468.061127
01141	79.000000	184.706512	53.425140	0.281170	0.358878	450.274353
01150	81.000000	215.432358	53.017857	0.324137	0.331036	470.427185
01151	80.000000	136.975250	58.840343	0.082913	0.459529	439.635712
01160	80.000000	185.539352	64.741669	0.267078	0.366935	459.185059
01161	81.000000	179.880646	45.022133	0.345618	0.325096	449.047272
01170	85.000000	182.173325	65.446541	0.059650	0.467741	466.345886
01171	84.000000	159.731140	42.976513	0.358324	0.320599	439.268250
01180	83.000000	182.820801	57.430305	0.277567	0.357020	465.724823
01181	81.000000	163.312042	39.066116	0.453517	0.271743	439.261871
01190	80.000000	187.594223	51.723793	0.207874	0.389751	459.961334
01191	80.000000	190.190536	34.583752	0.436234	0.278358	445.141022
01200	81.000000	188.739014	64.911766	0.060414	0.467602	465.308350
01201	79.000000	186.125320	44.677830	0.409116	0.294078	446.930115
01210	81.000000	173.921280	82.505356	0.040476	0.480487	464.012909
01211	78.000000	182.512939	41.990437	0.372193	0.312740	445.017975
01220	83.000000	191.723419	57.523331	0.182177	0.404661	461.365997
01221	83.000000	174.613037	36.044159	0.418429	0.289072	446.086456
01230	83.000000	191.363602	60.433098	0.229575	0.382280	475.897308
01231	83.000000	132.367279	40.638916	0.329012	0.334761	421.183868
01240	88.000000	176.346603	72.207352	0.021727	0.489196	470.448364
01241	83.000000	174.658401	46.029778	0.399850	0.298720	449.148468
01250	80.000000	186.105728	56.492622	0.197159	0.398449	456.491333
01251	81.000000	167.818909	43.259792	0.334587	0.331401	446.104095
01260	76.000000	190.072144	58.031071	0.283216	0.356679	451.625427
01261	81.000000	194.353317	40.895809	0.422621	0.287719	449.548676
01270	84.000000	175.528641	67.460571	0.130491	0.431935	461.348999
01271	84.000000	173.245087	45.565434	0.359276	0.318960	445.654236
01280	87.000000	165.993134	67.856483	0.000000	0.497627	464.554321
01281	83.000000	147.968094	43.672832	0.284736	0.355435	441.649628
01290	83.000000	188.597412	57.252911	0.274874	0.359204	464.196259
01291	79.000000	172.678986	38.958199	0.365516	0.314520	441.527252
01300	81.000000	200.201752	57.680847	0.213817	0.386205	467.600769
01301	79.000000	167.775848	37.254128	0.417492	0.289850	434.839844
01310	87.000000	166.295242	74.567650	0.006600	0.496953	465.983490
01311	83.000000	178.462402	41.772888	0.348843	0.323182	447.624420
01320	85.000000	196.151764	52.812782	0.270167	0.359057	460.551270
01321	81.000000	168.095474	58.477978	0.291784	0.353985	450.028442
01330	78.000000	171.371094	73.359589	0.046496	0.475559	460.968506
01331	79.000000	137.398132	31.247915	0.464079	0.266936	422.432983
01340	82.000000	162.873688	72.660088	0.000004	0.498153	465.940613
01341	84.000000	162.570084	42.359814	0.411140	0.293232	442.355438
01350	80.000000	181.119308	54.226254	0.267554	0.361288	461.164154
01351	81.000000	147.608887	43.072990	0.242752	0.377660	432.151184
01360	82.000000	200.945068	66.234512	0.131625	0.432154	471.358551
01361	83.000000	161.424896	40.117641	0.366293	0.316830	440.505920
01370	79.000000	182.591080	35.542397	0.206318	0.388854	469.314850
01371	86.000000	158.399765	34.269184	0.247833	0.373369	450.408508
02010	84.000000	193.557953	51.352032	0.177094	0.408288	541.294678
02011	85.000000	133.505966	26.880880	0.227789	0.383766	468.995850
02020	82.000000	167.327621	61.888844	0.060616	0.467941	482.713745
02021	85.000000	152.029373	53.851276	0.230519	0.385025	445.375793
02030	83.000000	210.096466	60.514881	0.211443	0.389344	474.431641
02031	82.000000	126.190575	55.155842	0.000000	0.498565	437.084564
02040	85.000000	207.496017	72.597633	0.165651	0.414814	490.130707
02041	80.000000	171.864609	43.545677	0.337088	0.330270	442.104126
02050	87.000000	207.416092	46.296505	0.282756	0.349600	475.788635
02051	81.000000	141.743118	38.758518	0.229355	0.385062	432.784424
02060	81.000000	195.320908	44.713551	0.268603	0.357157	465.371216
02061	79.000000	153.733856	31.775627	0.365235	0.314262	428.473083
02070	82.000000	194.929398	65.361275	0.143097	0.424915	472.374969
02071	78.000000	162.216309	48.170292	0.346762	0.325252	439.489014
02080	87.000000	161.796356	76.361504	0.000000	0.498056	475.509003
02081	90.000000	157.723785	41.188892	0.323778	0.336632	452.632782
02090	84.000000	190.448151	82.359253	0.105378	0.447089	482.310211
02091	84.000000	150.824722	48.241615	0.254813	0.368846	449.481323
02100	79.000000	193.348938	58.699501	0.210593	0.390769	463.088409
02101	85.000000	154.651688	54.179180	0.207100	0.396917	438.384186
02110	80.000000	203.882889	56.583050	0.132596	0.426479	467.014374
02111	82.000000	137.937500	52.219475	0.321165	0.338677	441.886230
02120	87.000000	200.675659	71.017776	0.110435	0.442660	478.929169
02121	82.000000	155.643768	45.176147	0.279940	0.358239	447.443512
02130	86.000000	185.158844	62.197876	0.201614	0.397159	470.166107
02131	82.000000	159.202057	41.738567	0.402033	0.296943	434.708984
02140	85.000000	192.179581	62.069893	0.059708	0.464480	486.163330
02141	78.000000	169.991425	48.614361	0.296446	0.350822	439.716614
02150	83.000000	191.370941	61.341949	0.183397	0.404963	468.391052
02151	79.000000	158.007309	39.253990	0.355794	0.320080	439.741425
02160	83.000000	206.918243	58.738396	0.249094	0.366909	467.092743
02161	80.000000	166.263580	44.676228	0.294357	0.352480	439.109894
02170	84.000000	188.769043	68.438667	0.051940	0.466396	476.431122
02171	82.000000	120.501328	53.533997	0.053518	0.472437	443.520813
02180	83.000000	182.338226	62.855011	0.160485	0.415103	472.558502
02181	79.000000	164.177353	42.175430	0.387055	0.305673	431.840668
02190	81.000000	184.730621	66.955505	0.166599	0.414670	465.924377
02191	80.000000	151.052826	44.664101	0.223913	0.386672	442.050995
02200	79.000000	215.918549	62.146072	0.158283	0.413992	479.286621
02201	84.000000	167.855804	50.949558	0.213666	0.393006	448.753326
02210	79.000000	179.469162	89.932442	0.020881	0.490796	473.305939
02211	85.000000	151.677856	53.921280	0.162394	0.419589	439.429626
02220	81.000000	200.154282	72.559158	0.072213	0.458928	475.461548
02221	83.000000	179.667862	43.774632	0.324714	0.336177	451.527771
02230	81.000000	198.974045	79.120728	0.139732	0.429409	481.219635
02231	80.000000	154.596741	28.473103	0.458375	0.268861	428.840698
02240	87.000000	201.929123	64.654861	0.164051	0.414638	477.485596
02241	83.000000	166.349701	40.977966	0.262392	0.366532	445.520355
02250	84.000000	189.087738	73.311279	0.056180	0.468925	471.738922
02251	83.000000	167.058746	36.753048	0.293088	0.350358	445.251923
02260	86.000000	197.214355	61.171833	0.209720	0.391457	465.880402
02261	89.000000	172.374924	48.769024	0.331565	0.333705	455.349060
02270	82.000000	179.836044	80.293739	0.000000	0.498091	481.189301
02271	81.000000	156.291840	42.802906	0.334992	0.331225	433.493896
02280	81.000000	175.012573	89.981972	0.060946	0.474363	464.456238
02281	78.000000	144.659592	48.182552	0.224140	0.386384	441.458527
02290	83.000000	192.432083	71.985977	0.147719	0.420287	475.168732
02291	82.000000	173.636368	50.527580	0.240388	0.376561	452.209198
02300	83.000000	124.942108	126.156464	0.000038	0.507908	463.307465
02301	85.000000	155.724655	43.020336	0.252741	0.373593	433.037415
02310	85.000000	162.691910	64.120453	0.000002	0.498435	452.462982
02311	83.000000	138.764481	45.916954	0.291036	0.352559	440.205322
02321	88.000000	171.997559	45.417961	0.317686	0.340026	452.906647
02330	81.000000	183.341217	62.080883	0.103393	0.441882	465.227570
02331	80.000000	129.267715	37.378361	0.223891	0.386646	433.113770
02340	84.000000	119.452553	109.168816	0.000001	0.497235	467.787598
02341	84.000000	177.042862	51.931385	0.163256	0.418094	469.445526
02350	80.000000	187.049011	63.203972	0.217963	0.390049	461.558655
02351	412.000000	1128.498169	14.364227	0.784815	0.549320	1103.064209
02360	82.000000	181.666809	86.709633	0.009440	0.499732	479.276917
02370	87.000000	185.711899	46.132893	0.151887	0.416469	488.024292
02371	418.000000	3433.303223	106.862381	0.992036	0.004118	71421.703125
03010	77.000000	181.832092	31.847086	0.237139	0.372352	494.139160
03011	82.000000	168.108749	38.429405	0.223289	0.387726	462.952271
03020	83.000000	171.173553	49.395527	0.103706	0.445486	482.539948
03021	81.000000	156.770020	45.177021	0.171882	0.413157	462.951630
03030	83.000000	174.502747	45.946686	0.222671	0.385011	487.539581
03031	81.000000	154.081970	51.281277	0.234414	0.383879	445.688690
03040	85.000000	168.370880	61.746460	0.033962	0.482371	473.176910
03041	83.000000	160.810654	39.298325	0.305029	0.346313	437.295349
03050	83.000000	162.376465	69.721573	0.173110	0.413939	472.063019
03051	85.000000	156.717331	52.272385	0.239512	0.382215	436.828979
03060	86.000000	167.146667	55.559765	0.115116	0.438699	472.717377
03061	83.000000	175.250961	33.224461	0.391331	0.301799	447.133270
03070	84.000000	165.516083	47.853840	0.213894	0.390064	472.399872
03071	82.000000	174.167892	35.882858	0.408613	0.294160	437.834778
03080	83.000000	178.201477	47.066376	0.158540	0.416411	464.053375
03081	86.000000	175.014862	45.476704	0.286839	0.356460	458.847961
03090	86.000000	168.277954	47.888607	0.219342	0.385291	461.937134
03091	80.000000	164.253067	35.223434	0.348021	0.323290	438.288147
03100	83.000000	175.680634	42.039917	0.250986	0.371686	461.650787
03101	87.000000	167.080780	42.277966	0.256625	0.371335	441.716553
03110	81.000000	162.434662	63.427525	0.258811	0.369153	468.255707
03111	80.000000	173.654861	44.028736	0.301243	0.349970	444.492859
03120	82.000000	1245.702148	1364.468140	0.666998	0.567326	645.837891
03121	81.000000	172.096725	41.382019	0.273531	0.361963	447.181580
03130	86.000000	198.871094	50.098297	0.320676	0.335619	488.769226
03131	82.000000	175.182571	41.579746	0.380502	0.309023	444.899628
03140	83.000000	149.145233	62.366108	0.080358	0.459593	467.859344
03141	82.000000	178.460648	33.050621	0.390487	0.302129	447.128571
03150	83.000000	143.241150	64.475517	0.013722	0.492210	460.204224
03151	87.000000	176.337585	51.879902	0.291209	0.355484	460.625092
03160	83.000000	190.515045	57.605236	0.195538	0.400657	464.670898
03161	83.000000	178.015991	31.948923	0.412034	0.290578	449.451080
03170	81.000000	190.167068	57.042503	0.277174	0.357496	466.722229
03171	82.000000	173.069565	35.332104	0.347868	0.322142	446.313995
03180	85.000000	175.088226	53.417576	0.129937	0.433022	464.127197
03181	86.000000	168.751038	40.287529	0.311832	0.342776	443.306458
03190	85.000000	191.837189	51.601768	0.180653	0.402850	468.605499
03191	83.000000	149.603760	54.436455	0.118613	0.441447	438.780853
03200	85.000000	167.394684	55.141708	0.197797	0.400028	467.062866
03201	75.000000	180.133179	35.914688	0.388214	0.304288	440.808289
03210	81.000000	171.320877	54.362015	0.143184	0.426771	461.541046
03211	82.000000	162.386703	53.146976	0.153137	0.423139	450.275208
03220	77.000000	186.171799	48.720989	0.257949	0.366415	456.529572
03221	84.000000	145.702362	61.244087	0.094740	0.454037	440.669647
03230	85.000000	186.663651	58.764652	0.159758	0.420236	465.756836
03231	80.000000	181.979782	35.858646	0.425349	0.285901	439.247681
03240	84.000000	187.200195	42.916382	0.221958	0.384774	464.967926
03241	86.000000	172.963669	45.918221	0.293123	0.353832	439.188263
03250	80.000000	177.693695	41.514069	0.177827	0.403888	458.015869
03251	87.000000	179.941086	40.195400	0.300949	0.348331	453.854462
03260	85.000000	184.600937	54.690952	0.199106	0.396948	473.535706
03261	79.000000	182.290436	41.007652	0.334228	0.330826	448.743347
03270	83.000000	175.184967	50.398777	0.201628	0.397155	457.827240
03271	87.000000	164.135651	45.550667	0.132076	0.433058	449.564697
03280	85.000000	180.492508	48.559216	0.171032	0.409493	466.627106
03281	80.000000	177.124435	39.708714	0.390191	0.302637	450.345306
03290	77.000000	181.829849	48.352695	0.239380	0.376038	454.017151
03291	83.000000	179.683914	40.245590	0.363582	0.316609	442.685486
03300	83.000000	194.282700	43.975750	0.212677	0.388359	461.159088
03301	83.000000	178.396652	41.773861	0.325073	0.335175	450.021088
03310	85.000000	160.813705	52.017052	0.142055	0.425983	454.276245
03311	76.000000	176.562225	41.557442	0.293108	0.350485	446.217255
03320	80.000000	183.968536	59.322811	0.120505	0.433826	472.553314
03321	83.000000	182.829529	38.006603	0.326103	0.333271	451.326935
03330	84.000000	180.319611	61.278534	0.056121	0.468564	470.695740
03331	79.000000	186.143799	36.342361	0.366999	0.312329	443.754608
03340	85.000000	172.946503	58.444691	0.170127	0.412077	467.977112
03341	87.000000	173.763596	52.158306	0.183417	0.410150	450.364319
03350	80.000000	159.888504	52.128029	0.167708	0.413510	470.262909
03351	84.000000	172.884918	46.826561	0.322739	0.338702	453.986816
03360	82.000000	171.389938	54.227329	0.208328	0.393842	476.808777
03361	83.000000	182.852844	41.630333	0.320112	0.340043	465.632538
03370	82.000000	185.107986	34.595798	0.206357	0.393042	464.777313
03371	82.000000	180.273117	36.788612	0.249750	0.375053	458.247467
04010	78.000000	176.476562	38.020721	0.159608	0.414788	472.318115
04011	85.000000	161.854782	44.274296	0.181746	0.408722	468.321991
04020	83.000000	205.796310	47.066654	0.291516	0.348816	470.406708
04021	84.000000	166.316818	46.959343	0.111175	0.443115	451.644562
04030	83.000000	190.620041	50.378700	0.231150	0.379034	461.307220
04031	79.000000	167.984863	46.212681	0.334809	0.332573	444.455627
04040	81.000000	176.060272	56.503887	0.144645	0.424394	458.713745
04041	81.000000	164.789627	42.178898	0.275584	0.360823	442.441650
04050	83.000000	181.714828	60.831539	0.198196	0.398127	464.059357
04051	83.000000	173.745468	56.373905	0.244639	0.378158	448.505280
04060	78.000000	189.203247	76.419746	0.116381	0.440064	465.781921
04061	81.000000	160.220932	46.506229	0.321229	0.338808	440.396759
04070	75.000000	187.167969	59.477707	0.242914	0.375666	458.962250
04071	84.000000	156.217010	39.894245	0.255441	0.371978	434.656555
04080	85.000000	195.722610	53.011086	0.266004	0.362325	464.250427
04081	83.000000	183.605576	45.925724	0.276670	0.359763	455.029053
04090	82.000000	191.976318	56.856964	0.243916	0.373067	463.421631
04091	82.000000	165.582367	56.197315	0.131836	0.434692	447.961853
04100	83.000000	196.954407	57.768257	0.234448	0.375841	467.167847
04101	78.000000	162.846588	40.790028	0.273449	0.362230	433.199310
04110	81.000000	186.164032	71.076508	0.134955	0.431360	471.466949
04111	81.000000	180.233032	39.614124	0.307255	0.343505	445.277252
04120	80.000000	170.734772	58.347050	0.112117	0.440596	453.129547
04121	80.000000	153.741943	55.401703	0.159811	0.419077	444.362335
04130	80.000000	203.952789	53.125931	0.282612	0.350112	462.461731
04131	77.000000	185.901459	49.756161	0.318108	0.340978	445.948669
04140	84.000000	178.596893	71.843552	0.080022	0.458369	467.694641
04141	79.000000	159.845306	43.574348	0.308100	0.345476	433.027252
04150	88.000000	175.607224	68.044937	0.156764	0.419456	466.922394
04151	77.000000	197.917755	53.149342	0.265736	0.367127	453.846649
04160	79.000000	186.647186	65.060593	0.149979	0.420760	466.210938
04161	82.000000	162.190796	39.335899	0.313595	0.341835	439.506927
04170	80.000000	192.770081	71.823837	0.129733	0.429900	467.830170
04171	85.000000	177.655869	46.555779	0.340792	0.328498	449.448334
04180	87.000000	188.343643	64.948608	0.220178	0.386581	473.366516
04181	84.000000	171.663025	58.128544	0.170427	0.415428	453.495392
04190	80.000000	175.564774	70.503761	0.153312	0.421267	458.088654
04191	84.000000	165.189743	47.522213	0.299543	0.349140	440.786255
04200	84.000000	209.825867	56.293468	0.250608	0.369168	469.507446
04201	82.000000	162.475571	52.535069	0.219593	0.390958	442.424744
04210	80.000000	167.229904	45.158978	0.228276	0.381892	449.435394
04211	82.000000	163.556458	45.622223	0.314433	0.342016	442.594360
04220	81.000000	183.163467	51.927540	0.277631	0.355999	459.789764
04221	82.000000	167.996124	46.067520	0.346570	0.325580	450.115692
04230	78.000000	194.151733	66.830109	0.143542	0.424569	471.913910
04231	78.000000	161.265137	50.838978	0.235390	0.382309	441.309662
04240	79.000000	200.296646	57.758636	0.251403	0.367940	467.226257
04241	80.000000	183.952576	31.588314	0.404777	0.294308	444.011292
04250	79.000000	185.639236	59.120895	0.232691	0.379243	456.476807
04251	86.000000	150.733246	56.946106	0.178961	0.411284	441.748260
04260	82.000000	190.357010	66.058533	0.203420	0.396954	467.345306
04261	86.000000	208.061768	57.644661	0.118902	0.442604	465.024170
04270	85.000000	209.459488	62.882626	0.208895	0.390749	473.334015
04271	82.000000	158.071396	46.773174	0.281716	0.359106	439.063080
04280	81.000000	175.960510	81.532814	0.040229	0.477224	472.782959
04281	80.000000	180.989120	44.118652	0.367780	0.314141	444.704376
04290	79.000000	188.604919	53.840698	0.199441	0.394969	460.352051
04291	85.000000	168.463150	40.414581	0.343191	0.326349	446.182739
04300	84.000000	206.395599	62.572830	0.251528	0.368603	471.252014
04301	79.000000	173.969742	37.938965	0.396125	0.299370	438.098602
04310	82.000000	177.990463	69.603798	0.097077	0.446908	466.841156
04311	85.000000	153.899017	49.548759	0.192460	0.403212	448.499847
04320	82.000000	188.878326	59.317829	0.155571	0.414765	466.743103
04321	84.000000	163.374237	50.650169	0.227956	0.385479	444.789490
04330	80.000000	173.003281	59.903008	0.197590	0.398344	455.963776
04331	86.000000	145.372131	56.563553	0.000008	0.501148	448.072388
04340	81.000000	191.846725	50.115189	0.303921	0.342620	457.254181
04341	81.000000	160.305588	52.207298	0.228492	0.385625	444.701416
04350	85.000000	173.039642	82.722710	0.030653	0.479174	485.436981
04351	86.000000	165.066132	44.730865	0.299936	0.349762	443.796478
04360	84.000000	207.548538	58.667473	0.251284	0.368884	479.245850
04361	90.000000	167.919800	39.985764	0.345407	0.326481	448.881714
04370	76.000000	183.767258	45.182156	0.182271	0.403302	463.190216
04371	79.000000	168.644257	38.293278	0.201467	0.397446	448.196960
05010	83.000000	173.095734	49.142548	0.171060	0.411731	461.387329
05011	84.000000	185.319366	34.937103	0.332119	0.332853	441.412445
05020	82.000000	162.186600	72.069717	0.000001	0.499049	464.717499
05021	80.000000	146.232864	44.078217	0.242586	0.378662	437.140778
05030	84.000000	192.639099	62.262314	0.220597	0.386738	471.456635
05031	84.000000	152.225082	46.633579	0.341717	0.329447	437.288269
05040	83.000000	170.433487	55.478355	0.223822	0.384095	462.539795
05041	85.000000	163.171234	37.585991	0.340518	0.327949	444.417175
05050	77.000000	187.001175	51.674751	0.360396	0.314754	457.531738
05051	88.000000	139.145294	39.807865	0.263537	0.367625	438.370483
05060	82.000000	179.200134	63.952976	0.246344	0.374638	461.783722
05061	83.000000	165.303040	51.448490	0.287265	0.357123	444.182526
05070	78.000000	175.375748	83.340149	0.042510	0.479623	470.682037
05071	80.000000	175.704056	32.833431	0.497561	0.249438	432.527893
05080	86.000000	196.571640	61.329651	0.291304	0.349962	470.557953
05081	80.000000	152.619446	43.794178	0.321773	0.338158	437.217438
05090	83.000000	191.006195	67.966240	0.256287	0.367973	474.777405
05091	82.000000	156.658417	39.450729	0.394474	0.301519	438.446320
05100	85.000000	173.840195	65.882439	0.020412	0.485443	467.797516
05101	80.000000	169.245407	46.406727	0.335703	0.332109	439.411469
05110	81.000000	203.476562	66.224197	0.305630	0.344357	473.754578
05111	83.000000	110.397438	56.914970	0.000846	0.502585	408.556274
05120	84.000000	171.833633	80.387550	0.055777	0.471620	470.571381
05121	80.000000	169.622375	40.771461	0.334532	0.330858	441.189240
05130	85.000000	163.053909	79.366043	0.000001	0.499578	468.410736
05131	89.000000	154.416092	43.381172	0.332924	0.333044	435.717285
05140	82.000000	186.141251	55.527760	0.301699	0.345128	460.773102
05141	82.000000	168.620773	34.523483	0.463704	0.266459	437.089569
05150	85.000000	163.165009	83.987259	0.016264	0.493098	465.813843
05151	87.000000	164.200989	39.555878	0.378359	0.309442	441.730774
05160	80.000000	186.007889	65.364929	0.230242	0.381909	466.864014
05161	86.000000	174.966034	41.285038	0.359450	0.319741	443.905670
05170	79.000000	159.676620	82.391319	0.000000	0.498531	465.399750
05171	84.000000	158.491119	44.362469	0.306972	0.346621	439.845917
05180	85.000000	178.802155	61.081676	0.215211	0.388779	462.292725
05181	83.000000	144.036148	43.393585	0.221878	0.388650	431.254395
05190	85.000000	162.173553	73.082108	0.030771	0.484356	464.552734
05191	86.000000	160.130661	40.967888	0.338225	0.328907	444.031982
05200	82.000000	162.975525	70.986076	0.161464	0.418550	460.366699
05201	87.000000	154.810623	47.442101	0.249117	0.375736	439.014557
05210	81.000000	191.517609	64.412331	0.260095	0.365378	467.875793
05211	82.000000	159.931854	33.175144	0.404095	0.295933	424.551575
05220	81.000000	174.399719	73.127602	0.062868	0.467327	466.895233
05221	82.000000	161.949585	50.210888	0.228968	0.385522	445.350006
05230	88.000000	169.579147	77.705711	0.132931	0.434208	471.918182
05231	84.000000	151.640900	43.475224	0.220505	0.390434	424.385345
05240	82.000000	180.193466	66.326454	0.167180	0.414213	463.288879
05241	86.000000	167.669006	38.676514	0.400153	0.298082	440.913391
05250	78.000000	178.891113	74.550392	0.159745	0.419588	464.315369
05251	83.000000	144.523041	45.150547	0.233666	0.383321	434.004700
05260	82.000000	188.142487	63.597229	0.244296	0.375549	462.625000
05261	80.000000	179.963577	33.783161	0.435765	0.279722	439.282806
05270	86.000000	160.140091	72.943771	0.000000	0.498904	463.754791
05271	82.000000	164.536743	40.390911	0.363514	0.317677	437.394928
05280	83.000000	156.409714	65.545372	0.000000	0.492672	469.118439
05281	80.000000	148.623871	41.925144	0.183815	0.406356	435.201050
05290	85.000000	173.312958	85.945930	0.029249	0.485887	472.316467
05291	86.000000	123.376625	30.985683	0.317258	0.340821	410.811035
05300	81.000000	186.671997	58.094227	0.296550	0.348385	460.586334
05301	77.000000	161.776154	37.911148	0.356746	0.320640	429.972870
05310	83.000000	187.590195	67.468102	0.278102	0.357889	469.820862
05311	81.000000	153.516830	37.663750	0.353341	0.321828	434.253845
05320	77.000000	181.437531	76.473434	0.132965	0.432534	462.438843
05321	82.000000	154.893906	46.757450	0.286157	0.356539	434.845764
05330	81.000000	201.176651	68.961037	0.243158	0.374480	471.129395
05331	84.000000	157.477219	45.565239	0.339655	0.329977	436.544952
05340	85.000000	179.826294	57.865162	0.299038	0.348363	462.890076
05341	79.000000	162.385498	35.881763	0.420489	0.288010	435.029175
05350	85.000000	161.028992	76.999481	0.073766	0.462464	465.504578
05351	84.000000	156.148788	47.698448	0.222519	0.387713	438.319977
05360	88.000000	183.757614	68.621529	0.173650	0.411054	476.269897
05361	79.000000	147.696335	44.687775	0.230755	0.385486	427.724609
05370	85.000000	175.411591	56.454060	0.032853	0.480235	463.363983
05371	82.000000	133.098785	29.260258	0.308590	0.345082	407.101807
06010	82.000000	172.017090	50.048405	0.141937	0.424777	460.218353
06011	81.000000	176.182724	31.475332	0.356250	0.320028	446.323944
06020	85.000000	173.744049	58.866386	0.183802	0.406581	458.440033
06021	80.000000	136.056702	35.671371	0.363349	0.317124	426.767090
06030	77.000000	189.143829	60.054615	0.205198	0.394186	462.618317
06031	85.000000	175.208939	44.161903	0.346623	0.326052	443.658813
06040	78.000000	173.527115	61.200874	0.085746	0.452509	454.507507
06041	82.000000	136.621094	38.390198	0.375780	0.311088	435.621063
06050	82.000000	160.683502	70.134201	0.117797	0.439137	462.614990
06051	84.000000	176.026123	50.269699	0.338865	0.330246	451.035522
06060	79.000000	189.765045	54.681046	0.292609	0.349276	457.361786
06061	79.000000	200.238190	25.063948	0.527166	0.232907	444.303406
06070	81.000000	166.228531	63.249474	0.065588	0.463820	459.513641
06071	83.000000	190.835205	55.839455	0.197866	0.401976	455.794220
06080	79.000000	191.099930	63.847610	0.167319	0.412409	469.208435
06081	80.000000	136.189819	36.637779	0.395365	0.301350	424.779480
06090	79.000000	202.661346	56.886158	0.311036	0.337172	468.031372
06091	83.000000	199.145920	45.335987	0.326846	0.332389	456.353119
06100	79.000000	187.808121	55.834606	0.301424	0.344830	459.180237
06101	83.000000	127.321465	41.437901	0.306146	0.346094	438.423004
06110	85.000000	180.741653	62.215359	0.214827	0.388396	464.299347
06111	87.000000	165.661850	55.371059	0.187195	0.407207	447.462677
06120	82.000000	172.562531	68.069984	0.178393	0.408536	458.281494
06121	82.000000	132.437958	34.071278	0.396042	0.300537	433.534790
06130	85.000000	165.836121	65.999504	0.000000	0.495610	463.004669
06131	83.000000	184.449173	46.455494	0.299525	0.348420	453.367920
06140	84.000000	196.549759	55.375351	0.293388	0.347622	462.568848
06141	81.000000	130.314774	45.182659	0.141005	0.429577	425.314697
06150	79.000000	180.331284	62.552799	0.021011	0.485049	462.400391
06151	83.000000	172.345749	54.027172	0.271370	0.363773	451.111633
06160	79.000000	188.368195	75.399498	0.167958	0.414539	473.427460
06161	80.000000	131.144974	33.775200	0.386952	0.305344	425.455505
06170	80.000000	191.933167	56.989059	0.287431	0.351552	465.460022
06171	85.000000	173.506912	45.909904	0.331465	0.332208	450.517883
06180	84.000000	194.192139	59.173031	0.246406	0.372397	466.856598
06181	81.000000	176.333649	53.278889	0.305719	0.346203	450.818542
06190	83.000000	186.924530	55.577293	0.276289	0.359196	457.935181
06191	78.000000	158.142868	50.826683	0.303419	0.346894	441.348541
06200	84.000000	156.654312	73.865799	0.000001	0.500107	459.790985
06201	79.000000	132.782669	34.928581	0.391353	0.303554	417.403656
06210	85.000000	183.356247	71.855293	0.000000	0.492300	475.948792
06211	82.000000	166.386169	40.868534	0.401062	0.297964	440.388153
06220	83.000000	182.007050	72.898857	0.172145	0.412338	468.352661
06221	83.000000	177.057144	39.600479	0.407528	0.292504	451.231781
06230	85.000000	186.235580	60.484230	0.212699	0.389701	465.040741
06231	81.000000	188.352341	44.273018	0.369902	0.312830	451.123871
06240	88.000000	180.756592	55.307835	0.298132	0.346844	465.092316
06241	78.000000	155.817444	56.066887	0.214932	0.393037	440.707397
06250	80.000000	178.677216	62.434631	0.206629	0.394092	458.916138
06251	81.000000	164.944489	45.951469	0.399186	0.298899	443.762177
06260	80.000000	187.793060	62.238564	0.297734	0.349023	462.561066
06261	82.000000	179.996368	41.569851	0.410032	0.292946	447.487396
06270	79.000000	190.828659	54.746124	0.281880	0.355839	461.310059
06271	84.000000	171.469101	48.165768	0.347854	0.324811	448.199158
06280	83.000000	190.555237	55.773769	0.313036	0.339315	462.731293
06281	84.000000	159.560898	57.200169	0.193216	0.403362	449.774750
06290	84.000000	181.691711	52.870708	0.297353	0.345738	462.578064
06291	84.000000	176.270462	59.352413	0.271558	0.364997	453.385651
06300	79.000000	176.403015	58.461227	0.304460	0.345600	455.116364
06301	85.000000	174.586945	43.877342	0.280739	0.357795	447.494995
06310	84.000000	176.270004	62.866894	0.202922	0.396231	459.833649
06311	77.000000	160.733810	49.674953	0.299361	0.348509	442.271301
06320	78.000000	174.799103	70.534096	0.166424	0.414324	461.632538
06321	77.000000	170.471207	40.901554	0.352396	0.321687	438.822144
06330	83.000000	172.625839	66.163567	0.040697	0.476606	463.836884
06331	82.000000	166.372894	47.722073	0.156642	0.418397	446.661804
06340	85.000000	181.098526	53.576572	0.258420	0.368230	459.189270
06341	83.000000	169.525085	45.974789	0.382937	0.308082	437.022583
06350	81.000000	154.240829	70.416367	0.000000	0.495757	461.047302
06351	86.000000	168.960312	44.563988	0.332808	0.331431	446.351776
06360	83.000000	163.600082	57.921165	0.177076	0.409877	460.645935
06370	81.000000	187.264923	40.056244	0.161598	0.415370	461.144958
06371	84.000000	172.785217	29.560514	0.338776	0.325935	458.669922
07010	84.000000	172.640778	35.416454	0.206303	0.392730	479.438843
07011	81.000000	155.258667	38.465431	0.204630	0.397467	457.527527
07020	83.000000	160.970764	46.837936	0.162125	0.417347	458.799957
07021	84.000000	165.794357	37.728012	0.390750	0.301802	452.531342
07030	81.000000	175.036774	54.952000	0.168878	0.412612	466.096588
07031	84.000000	158.398422	41.998154	0.389907	0.303783	451.481079
07040	81.000000	196.610825	40.921711	0.305806	0.340908	461.210510
07041	80.000000	154.203156	49.621395	0.275296	0.361504	448.819550
07050	86.000000	143.646255	53.331448	0.036528	0.479736	466.580475
07051	82.000000	157.167679	38.054462	0.344497	0.326037	431.502319
07060	83.000000	183.590744	46.827126	0.248873	0.370734	468.314514
07061	81.000000	171.623123	44.783833	0.337549	0.331770	442.678436
07070	83.000000	169.615341	50.805969	0.195797	0.398261	465.432739
07071	81.000000	171.221024	41.357552	0.467986	0.265767	442.378235
07080	84.000000	180.762970	44.633781	0.248553	0.370726	456.679260
07081	82.000000	153.153290	51.566181	0.167284	0.414815	444.994232
07090	81.000000	178.398560	57.562233	0.140349	0.427562	459.897797
07091	80.000000	164.296967	45.803677	0.335621	0.331426	440.485046
07100	86.000000	177.611176	47.116821	0.237452	0.378773	451.818939
07101	85.000000	167.788681	38.968563	0.379438	0.308484	438.220947
07110	83.000000	190.606155	41.232388	0.350772	0.319670	458.873627
07111	81.000000	171.790146	54.269909	0.247401	0.377254	448.270416
07120	82.000000	176.706207	66.868065	0.125729	0.436067	463.587036
07121	80.000000	146.340561	49.034794	0.069148	0.464960	434.180298
07130	86.000000	182.242996	39.367020	0.325625	0.333991	459.380432
07131	85.000000	158.125366	50.577946	0.279181	0.359318	451.908905
07140	85.000000	195.195709	52.905510	0.276995	0.356753	469.750275
07141	79.000000	182.486160	37.995472	0.384864	0.306630	438.901398
07150	82.000000	159.425827	65.266212	0.021534	0.489064	456.076904
07151	79.000000	159.968231	38.548252	0.319083	0.340874	429.308044
07160	77.000000	165.146225	54.791828	0.172754	0.410050	456.677917
07161	85.000000	163.850327	32.945827	0.326765	0.333324	447.811981
07170	83.000000	183.784225	60.225750	0.149600	0.423045	465.935974
07171	83.000000	158.114395	50.497898	0.254693	0.373108	438.307312
07180	84.000000	192.067291	66.182220	0.104966	0.450397	470.103271
07181	84.000000	155.600098	43.221607	0.216332	0.392046	435.683563
07190	84.000000	156.650024	50.972324	0.118812	0.438529	452.138672
07191	80.000000	182.233688	35.634296	0.375674	0.309628	443.111725
07200	86.000000	164.015671	56.979519	0.118907	0.438834	463.169891
07201	85.000000	167.338562	37.840721	0.336417	0.331314	434.268066
07210	83.000000	165.898697	58.323208	0.204026	0.395954	459.824066
07211	83.000000	162.520737	36.996216	0.367200	0.315548	433.408325
07220	88.000000	159.722763	68.550262	0.000001	0.499469	468.322296
07221	81.000000	153.951385	45.834972	0.261125	0.368566	437.007294
07230	83.000000	174.737869	55.836464	0.218927	0.390835	452.696808
07231	82.000000	162.225418	46.191795	0.275154	0.361821	435.811829
07240	84.000000	166.906479	59.259701	0.162356	0.417524	462.491791
07241	85.000000	158.238342	39.471329	0.354211	0.322065	436.488922
07250	82.000000	178.497116	52.000656	0.237735	0.379446	457.499695
07251	80.000000	172.395279	40.181862	0.398653	0.300369	432.360779
07260	87.000000	184.324753	27.469147	0.183507	0.399076	468.071777
07261	82.000000	153.923340	38.303020	0.388457	0.305897	415.675110
07270	82.000000	169.969147	53.289310	0.206325	0.393461	461.839691
07271	85.000000	154.395172	52.663353	0.253421	0.374184	436.406250
07280	84.000000	203.248550	52.651764	0.273385	0.360509	471.448517
07281	78.000000	159.666183	43.400558	0.203226	0.397127	439.072632
07290	80.000000	177.499832	47.525597	0.243240	0.373805	457.545105
07291	84.000000	139.062347	66.374695	0.046063	0.478589	444.490295
07300	82.000000	173.495773	48.623314	0.232303	0.379735	462.518494
07301	84.000000	165.366547	49.811951	0.230829	0.385730	438.404053
07310	83.000000	168.393509	56.389397	0.087833	0.452334	465.014313
07311	82.000000	153.388763	42.901287	0.312367	0.342801	438.473145
07320	86.000000	166.746368	57.085705	0.210410	0.392793	465.310852
07321	80.000000	137.810455	37.872299	0.285789	0.356911	422.122559
07330	88.000000	133.329117	94.319214	0.000000	0.500490	470.443146
07331	81.000000	181.174576	45.118874	0.335923	0.331781	442.802094
07340	80.000000	158.645889	50.769981	0.077291	0.459026	448.245026
07341	83.000000	163.016678	37.910843	0.358615	0.318543	445.645142
07351	84.000000	168.974442	36.290855	0.392293	0.302606	445.010834
07360	85.000000	177.642731	45.998169	0.121852	0.434330	462.634583
07361	84.000000	138.356537	50.430923	0.044834	0.478124	443.193451
07370	85.000000	177.389053	33.812550	0.304242	0.345131	487.046692
07371	84.000000	180.211990	41.408924	0.268190	0.365243	458.193024
08010	88.000000	191.450623	43.487972	0.238625	0.381042	516.878906
08011	88.000000	151.642899	36.893005	0.236505	0.379865	530.476318
08020	84.000000	198.826935	58.114353	0.178352	0.408855	505.217896
08021	84.000000	141.608765	40.105545	0.175448	0.410177	482.111206
08030	78.000000	159.120605	64.532852	0.061509	0.467786	480.425140
08031	85.000000	147.142181	44.051037	0.187398	0.404891	478.060242
08040	83.000000	178.155853	66.914490	0.107628	0.445555	499.007385
08041	83.000000	144.482285	39.840481	0.115507	0.441367	436.838074
08050	80.000000	187.816925	61.846722	0.187724	0.404374	473.369598
08051	81.000000	172.027557	42.378963	0.240017	0.380058	438.657532
08060	79.000000	203.974670	60.481087	0.224221	0.383858	487.067871
08061	78.000000	162.479263	29.239460	0.309709	0.342244	425.925079
08070	86.000000	192.005035	49.295662	0.239356	0.375236	483.947998
08071	82.000000	158.932907	46.476692	0.147269	0.423877	445.926025
08080	83.000000	201.761703	49.728401	0.268171	0.359013	483.319733
08081	83.000000	136.235748	41.167290	0.199937	0.400838	400.747131
08090	82.000000	185.001770	53.606564	0.129083	0.429345	477.114716
08091	86.000000	185.107010	63.576973	0.149838	0.425284	478.255249
08100	83.000000	218.066498	82.651337	0.118699	0.437792	496.904388
08101	82.000000	151.829788	32.918488	0.271011	0.361549	443.389160
08110	84.000000	182.585617	52.056705	0.231449	0.380290	475.064941
08111	83.000000	161.384262	49.376148	0.206265	0.398227	444.111847
08120	80.000000	207.666321	59.291386	0.186755	0.400642	514.939209
08121	82.000000	133.007492	47.503372	0.036844	0.480062	455.371887
08130	79.000000	197.830856	40.652241	0.272714	0.357043	463.847748
08131	84.000000	191.263474	53.523026	0.230837	0.385127	468.363495
08140	81.000000	194.406342	66.979225	0.208979	0.393760	493.718109
08141	77.000000	147.926758	41.857525	0.251193	0.373079	433.521637
08150	79.000000	172.466278	60.932747	0.131710	0.433188	468.427399
08160	82.000000	203.235291	64.448593	0.189167	0.401837	480.672455
08161	83.000000	160.348404	31.888550	0.288633	0.352817	443.125336
08170	85.000000	190.810135	45.481396	0.228069	0.381528	478.177185
08171	85.000000	182.991379	47.626587	0.246827	0.375253	456.650848
08180	85.000000	195.835709	52.877438	0.261116	0.367498	472.735718
08181	86.000000	142.233673	52.295582	0.112413	0.443842	448.107727
08190	80.000000	173.543549	58.077038	0.151763	0.422493	467.226105
08191	81.000000	151.845337	42.357262	0.089842	0.451782	448.220734
08200	83.000000	184.487045	50.887241	0.211491	0.391490	483.946747
08201	84.000000	159.036392	36.272316	0.336721	0.329650	448.987427
08210	85.000000	176.224503	47.753544	0.236430	0.379366	466.525116
08211	80.000000	144.903839	46.848583	0.149538	0.424292	448.070679
08220	82.000000	187.890137	60.705563	0.150591	0.421599	484.079346
08221	80.000000	150.386154	41.452770	0.143714	0.425826	430.237762
08230	83.000000	175.578918	61.977188	0.135455	0.430394	471.366333
08231	84.000000	149.537674	47.092087	0.113342	0.444475	421.289246
08240	85.000000	190.837402	49.770725	0.259910	0.367688	498.274628
08241	84.000000	159.289261	41.585434	0.363321	0.317800	445.404846
08250	82.000000	180.295349	69.559196	0.137115	0.431200	472.505219
08251	83.000000	157.217102	46.072659	0.241807	0.378668	438.492157
08260	80.000000	199.498016	45.716072	0.294751	0.348238	481.067871
08261	84.000000	152.314468	49.062485	0.218011	0.391837	453.532684
08270	84.000000	211.061630	50.046043	0.161251	0.413441	483.724792
08271	86.000000	148.865128	34.522781	0.286603	0.354423	440.014130
08280	80.000000	176.690735	60.881332	0.182585	0.404955	485.922668
08281	78.000000	133.415482	56.436344	0.089444	0.455810	435.103607
08290	82.000000	150.555191	63.688557	0.000000	0.495857	479.160156
08291	73.000000	155.192291	41.057133	0.331828	0.333521	426.410431
08300	82.000000	155.058228	78.494408	0.000000	0.497891	489.032990
08301	83.000000	167.479706	33.022682	0.374548	0.312051	426.219055
08310	77.000000	189.640991	46.346912	0.271230	0.356574	486.794830
08311	86.000000	139.756622	66.573906	0.050179	0.477564	446.889526
08320	82.000000	125.934776	71.355583	0.000000	0.496878	498.262329
08321	80.000000	166.767624	36.596161	0.451460	0.271680	449.071411
08330	87.000000	178.293854	54.098660	0.261577	0.367703	496.670288
08331	84.000000	165.029633	41.241764	0.358923	0.320992	444.235321
08340	79.000000	179.737350	53.728432	0.264688	0.364510	492.275879
08341	82.000000	164.098495	36.105694	0.374321	0.311869	447.923798
08350	79.000000	192.725403	52.178391	0.253974	0.369033	521.526855
08351	84.000000	136.580627	55.329407	0.000000	0.499144	454.399872
08360	81.000000	192.134964	44.896656	0.242905	0.374511	491.814423
08361	85.000000	158.533630	33.119255	0.373217	0.312702	468.407257
08370	86.000000	213.993393	38.783005	0.250726	0.367816	533.807007
08371	85.000000	141.919159	49.652660	0.064936	0.467959	466.713379
09010	80.000000	172.418701	48.934330	0.146852	0.422155	469.185852
09011	84.000000	173.787704	41.061138	0.250589	0.374615	472.845917
09020	81.000000	182.472214	44.488388	0.261526	0.363677	459.398438
09021	81.000000	168.363220	39.602074	0.439891	0.278732	457.154633
09030	81.000000	181.858719	54.305222	0.220847	0.387216	459.270844
09031	84.000000	170.981445	43.150620	0.339194	0.329590	446.164703
09040	79.000000	178.447739	56.338299	0.200541	0.395062	462.937683
09041	80.000000	174.243469	36.941872	0.444410	0.276458	440.601654
09050	79.000000	195.015366	49.774502	0.272179	0.357224	459.999298
09051	81.000000	176.139435	42.922283	0.444057	0.277537	447.907440
09060	81.000000	186.115967	58.222244	0.198704	0.397442	462.265808
09061	81.000000	156.016663	47.035431	0.278319	0.360091	440.764130
09070	76.000000	161.460739	51.155334	0.144447	0.425106	446.982788
09071	77.000000	166.994095	38.702946	0.408896	0.294931	427.153961
09080	80.000000	197.688141	53.098148	0.288856	0.350433	460.782959
09081	80.000000	191.944061	42.611443	0.379091	0.308382	449.216736
09090	83.000000	170.708344	54.201347	0.184844	0.405352	454.899536
09091	86.000000	149.624176	35.824261	0.377703	0.308802	436.403564
09100	80.000000	184.249908	53.509678	0.220073	0.386508	457.706177
09101	82.000000	168.089340	40.536400	0.399511	0.298825	439.983246
09110	80.000000	188.678055	59.602852	0.205078	0.394119	466.572632
09111	86.000000	170.255737	39.042397	0.393909	0.301745	448.121277
09120	84.000000	184.729782	51.695328	0.187137	0.401221	463.439697
09121	84.000000	179.461517	36.008232	0.463077	0.267175	434.978119
09130	82.000000	187.515305	55.584690	0.238407	0.377592	458.585358
09131	83.000000	142.864975	36.610920	0.384234	0.308162	401.594421
09140	83.000000	175.671951	61.077072	0.201403	0.394840	465.036804
09141	84.000000	160.156601	42.956802	0.397293	0.300788	441.195618
09150	87.000000	176.994553	63.314220	0.124496	0.436785	464.997101
09151	81.000000	174.744553	46.568577	0.343158	0.329113	440.461395
09160	83.000000	214.585724	54.533699	0.146930	0.422965	468.715027
09161	80.000000	165.917740	36.722023	0.406559	0.295142	437.954803
09170	80.000000	177.363266	53.336136	0.251097	0.370500	458.983093
09171	80.000000	132.795242	43.714088	0.316855	0.342250	413.503296
09180	82.000000	172.744553	53.023449	0.129448	0.432416	451.340546
09181	83.000000	168.468277	48.195782	0.322670	0.338074	447.503845
09190	88.000000	175.362061	52.744236	0.163594	0.412964	464.419373
09191	84.000000	171.460144	48.519299	0.355671	0.320120	446.082825
09200	81.000000	184.774063	58.693489	0.173206	0.410631	466.457581
09201	82.000000	201.168060	43.262363	0.383852	0.305071	457.096985
09210	79.000000	184.421860	43.437424	0.318949	0.337109	455.460388
09211	83.000000	167.712708	48.757233	0.301122	0.349475	439.358704
09220	81.000000	184.554718	46.900249	0.288623	0.353401	458.035400
09221	85.000000	199.140350	45.248062	0.312915	0.340068	457.030060
09230	83.000000	180.641586	43.778835	0.167785	0.408980	463.006866
09231	79.000000	166.700470	54.444496	0.206871	0.398170	441.505371
09240	83.000000	190.195114	56.150665	0.244542	0.375752	466.041809
09241	86.000000	163.478348	43.950237	0.297726	0.351379	442.190491
09250	80.000000	158.343124	63.716022	0.037711	0.480705	453.762024
09251	79.000000	170.147156	39.725258	0.399102	0.299814	442.309082
09260	84.000000	193.797470	55.365150	0.176947	0.410920	463.847015
09261	82.000000	163.866928	51.016220	0.338971	0.330051	446.778351
09270	81.000000	176.852982	60.443279	0.111724	0.441891	470.738312
09271	80.000000	161.758118	50.375496	0.294888	0.352610	444.651337
09280	84.000000	186.730026	42.527649	0.215988	0.383347	469.543427
09281	80.000000	177.002594	38.389175	0.503671	0.245998	444.501923
09290	88.000000	177.546570	62.223366	0.170367	0.412214	470.956543
09291	79.000000	185.600494	41.305340	0.445298	0.276710	439.132477
09300	83.000000	192.217010	59.838223	0.161212	0.420427	463.783752
09301	78.000000	176.507889	35.259514	0.441397	0.278275	434.317566
09310	78.000000	174.901505	64.910591	0.127184	0.434863	465.603607
09311	82.000000	176.573959	42.459549	0.434472	0.282007	447.765625
09320	80.000000	162.407959	66.538345	0.056512	0.470711	477.102264
09321	80.000000	174.096161	37.981503	0.402025	0.295763	448.517792
09330	81.000000	166.793182	51.030682	0.152260	0.420972	467.721466
09331	107.000000	197.226669	49.317501	0.283389	0.356793	483.408722
09340	81.000000	160.406448	52.465469	0.095067	0.450426	461.454498
09341	82.000000	165.432007	47.517647	0.402673	0.299939	444.937500
09350	81.000000	183.140091	36.715687	0.252327	0.362840	471.533020
09351	79.000000	182.150467	45.110565	0.434353	0.282651	456.451569
09360	108.000000	177.529480	60.217552	0.088113	0.455576	530.635193
09361	85.000000	165.750336	28.261780	0.445229	0.274394	453.599396
09370	85.000000	181.184418	35.058807	0.209014	0.391937	482.374817
09371	83.000000	185.541412	28.625441	0.284416	0.354708	460.534424
10010	82.000000	186.174179	39.637051	0.149767	0.418933	460.434875
10011	80.000000	166.246628	52.936310	0.222894	0.389851	450.297211
10020	86.000000	184.028717	56.589722	0.133072	0.426923	469.197083
10021	86.000000	168.979538	43.748878	0.293837	0.352777	446.743164
10030	79.000000	184.098373	75.507614	0.070154	0.465251	469.911865
10031	82.000000	173.759018	36.543060	0.396135	0.301264	441.925140
10040	79.000000	169.051926	68.951180	0.095340	0.449873	461.992493
10041	79.000000	167.885239	42.146355	0.342112	0.328139	441.557373
10050	83.000000	207.684250	56.640247	0.278304	0.356822	467.792328
10051	79.000000	160.444672	41.259808	0.335083	0.331492	437.407257
10060	84.000000	178.352295	70.011726	0.081115	0.457699	468.219971
10061	83.000000	177.601746	44.786358	0.352600	0.323108	445.360626
10070	83.000000	195.557861	61.040493	0.153346	0.419943	471.487457
10071	83.000000	169.471375	54.545547	0.278666	0.361428	446.312408
10080	82.000000	186.959442	70.965721	0.093896	0.450282	469.561768
10081	84.000000	173.920670	42.815266	0.305040	0.346229	440.147888
10090	85.000000	186.909836	55.652225	0.232058	0.378650	464.729401
10091	88.000000	172.491348	44.410351	0.300060	0.348030	449.122406
10100	83.000000	180.280182	56.546467	0.164906	0.413065	463.180481
10101	81.000000	178.786240	43.347038	0.339019	0.329698	444.665955
10110	89.000000	192.535355	63.554649	0.107676	0.442782	472.582123
10111	81.000000	163.316437	54.611393	0.220935	0.390124	443.838226
10120	83.000000	189.628098	73.160164	0.038826	0.474982	472.911957
10121	87.000000	159.552826	50.984238	0.263717	0.367545	440.976227
10130	84.000000	174.175400	48.376751	0.165948	0.413940	452.174286
10131	79.000000	179.943726	43.096703	0.371860	0.313195	443.147736
10140	81.000000	207.161957	48.322735	0.227183	0.379061	465.536194
10141	77.000000	174.048599	30.463186	0.418969	0.287849	434.170044
10150	85.000000	193.473328	59.227871	0.202725	0.395516	466.135223
10151	87.000000	140.755722	49.483788	0.050358	0.475275	435.170807
10160	77.000000	190.486832	56.729630	0.190553	0.403167	456.003540
10161	83.000000	182.398727	42.050983	0.448008	0.276270	441.280731
10170	82.000000	183.850052	53.434399	0.152592	0.419969	457.998230
10171	81.000000	177.995102	37.382725	0.401171	0.297479	440.003693
10180	84.000000	179.749741	77.166603	0.014486	0.491973	463.940857
10181	82.000000	173.863937	46.836563	0.353422	0.322904	442.229950
10190	82.000000	189.661896	56.672005	0.105892	0.441281	462.815765
10191	85.000000	165.681931	43.782993	0.342378	0.328338	439.413422
10200	84.000000	208.091919	51.223827	0.288786	0.347901	469.184052
10201	85.000000	171.536377	46.428452	0.307396	0.346738	437.243530
10210	84.000000	200.106812	65.921745	0.143932	0.426139	465.285614
10211	82.000000	163.168900	33.985767	0.400564	0.298872	428.263855
10220	86.000000	192.727005	70.659149	0.190223	0.403468	469.171356
10221	80.000000	175.851517	40.146587	0.344950	0.325360	441.080566
10230	89.000000	206.549347	78.486458	0.075376	0.460277	499.128662
10231	79.000000	166.738785	46.196392	0.342495	0.328774	434.736023
10240	81.000000	190.607101	72.866432	0.080359	0.460156	472.924713
10241	84.000000	173.982986	42.003838	0.291613	0.353024	442.839264
10250	82.000000	197.168137	58.997471	0.099241	0.446547	464.722168
10251	78.000000	172.063324	40.213730	0.325542	0.335082	440.355469
10260	84.000000	206.304916	56.422501	0.235925	0.381054	473.893646
10261	82.000000	189.584427	40.664452	0.341135	0.326361	448.791534
10270	85.000000	195.436615	42.921547	0.285949	0.350868	457.101379
10271	86.000000	172.286957	42.522102	0.320460	0.339013	443.825806
10280	84.000000	212.024643	59.199230	0.137966	0.422304	471.959839
10281	84.000000	179.231979	44.599770	0.362174	0.316664	450.230591
10290	81.000000	186.207825	64.845291	0.024411	0.484012	470.780609
10291	80.000000	173.563950	41.292763	0.361113	0.318402	444.971405
10300	85.000000	213.088135	43.598808	0.236554	0.372529	473.001984
10301	84.000000	174.581406	42.137943	0.419708	0.290014	437.876038
10310	84.000000	188.730255	46.263699	0.238305	0.372593	461.884064
10311	85.000000	180.633987	34.910519	0.423473	0.285944	443.689606
10320	88.000000	199.515198	67.806252	0.141681	0.425801	477.880951
10321	84.000000	185.218796	37.611744	0.378730	0.307277	446.474640
10330	84.000000	180.096680	50.645279	0.136572	0.425786	463.193329
10331	79.000000	187.643326	28.677704	0.484245	0.254256	437.523438
10340	82.000000	197.005432	71.217003	0.089429	0.453431	475.976257
10341	77.000000	170.146988	38.777191	0.398545	0.299219	437.787079
10350	86.000000	167.020004	69.114525	0.062978	0.468065	472.093781
10351	83.000000	176.407883	29.273928	0.440368	0.276692	446.891357
10360	79.000000	182.322174	58.965187	0.191642	0.400605	488.805481
10361	79.000000	184.115250	42.667065	0.326979	0.337279	442.580505
10370	81.000000	194.783569	40.425800	0.180805	0.403283	485.538605
10371	80.000000	172.343536	38.443489	0.259996	0.370227	442.862274
11010	82.000000	182.076294	45.029457	0.186721	0.401651	457.090424
11011	85.000000	173.688583	43.545464	0.182626	0.407680	453.774994
11020	78.000000	185.715240	57.067535	0.187224	0.404431	457.115540
11021	81.000000	183.023300	40.047764	0.427003	0.284420	447.360901
11030	83.000000	193.728989	53.630390	0.234092	0.378283	461.396027
11031	81.000000	171.759247	51.823235	0.296283	0.351753	448.558136
11040	83.000000	180.667145	49.088657	0.229816	0.381207	458.633942
11041	81.000000	160.054550	53.871647	0.239725	0.381492	445.939880
11050	84.000000	187.212372	63.244663	0.157744	0.421669	460.822571
11051	83.000000	175.461899	44.798145	0.373640	0.312138	448.575195
11060	82.000000	176.042542	48.842896	0.204374	0.392571	457.170898
11061	80.000000	165.332199	47.059906	0.286879	0.356606	438.606903
11070	82.000000	185.723206	68.994179	0.152067	0.423495	470.304749
11071	86.000000	159.005600	53.992416	0.027155	0.486868	448.860687
11080	84.000000	172.115540	72.186546	0.038093	0.480819	461.044922
11081	81.000000	185.213837	48.771812	0.331208	0.333698	451.609039
11090	84.000000	179.217453	66.245682	0.036899	0.477637	468.656342
11091	79.000000	204.842453	42.285557	0.431096	0.280354	452.128601
11100	84.000000	192.449585	52.359318	0.272416	0.359722	463.985107
11101	81.000000	190.311142	35.695961	0.460510	0.265933	447.381775
11110	81.000000	190.785049	54.273579	0.206749	0.392964	460.203156
11111	83.000000	177.850540	44.182323	0.295545	0.351311	443.576233
11120	84.000000	194.919266	71.747200	0.081590	0.457689	474.508636
11121	82.000000	176.453186	50.522865	0.282127	0.359109	446.355011
11130	80.000000	185.365768	55.961788	0.165191	0.413439	456.436920
11131	83.000000	174.304047	43.184895	0.365894	0.316488	446.879883
11140	83.000000	191.213699	61.053555	0.197518	0.399038	468.099548
11141	81.000000	172.811615	45.382210	0.333406	0.332785	444.258881
11150	80.000000	198.587082	51.416107	0.258385	0.365425	457.926575
11151	81.000000	177.264175	41.907433	0.338489	0.329605	442.397430
11160	82.000000	190.115509	63.555450	0.126166	0.432893	463.208862
11161	88.000000	173.918869	39.956337	0.338948	0.329479	446.539551
11170	80.000000	190.085159	58.156590	0.220599	0.387129	458.326569
11171	83.000000	179.162979	43.109848	0.291515	0.353148	446.555298
11180	80.000000	203.419373	58.062004	0.249888	0.371543	471.544006
11181	83.000000	176.247589	40.621769	0.365897	0.316358	440.431000
11190	83.000000	197.301987	59.726410	0.170601	0.410612	467.418488
11191	87.000000	184.718231	39.381180	0.359867	0.316703	451.809845
11200	87.000000	186.166428	59.230705	0.212442	0.391540	463.469269
11201	86.000000	166.959503	52.772327	0.250564	0.375898	443.319458
11210	81.000000	188.579742	57.300163	0.183623	0.402209	460.876953
11211	84.000000	179.456238	40.263115	0.387685	0.303707	446.980225
11220	82.000000	194.213058	67.640831	0.100723	0.448627	469.804779
11221	80.000000	182.977341	46.720825	0.329891	0.333148	452.811829
11230	85.000000	194.955811	58.396477	0.220215	0.388489	463.767120
11231	81.000000	176.292068	37.196396	0.371019	0.313326	443.794342
11240	87.000000	187.460464	55.418465	0.213833	0.387970	464.487946
11241	85.000000	165.092148	60.750175	0.184518	0.409982	445.538635
11250	84.000000	182.410965	72.706520	0.061223	0.470298	465.022949
11251	83.000000	173.489929	42.421669	0.364101	0.316670	444.616028
11260	79.000000	190.091248	57.179173	0.174574	0.409631	457.010803
11261	82.000000	168.332520	44.116222	0.334154	0.331864	445.763275
11270	83.000000	194.295197	55.271164	0.227439	0.383121	463.267548
11271	82.000000	166.268204	45.432961	0.304729	0.346910	442.514069
11280	82.000000	185.390640	53.692322	0.125472	0.431543	460.808868
11281	79.000000	174.370987	45.064293	0.366953	0.314492	443.982513
11290	78.000000	198.818207	61.319653	0.224292	0.384440	460.976227
11291	73.000000	192.180069	36.210392	0.412910	0.288356	442.418945
11300	88.000000	178.090622	61.891922	0.185160	0.405963	463.090698
11301	81.000000	170.945923	52.204594	0.273774	0.363023	447.618805
11310	81.000000	158.430313	83.460068	0.000958	0.502424	462.487213
11311	84.000000	163.512299	45.598793	0.294729	0.351414	443.528870
11320	81.000000	196.828201	50.328007	0.275358	0.355870	459.490387
11321	86.000000	171.212265	39.480785	0.454866	0.271862	449.997437
11330	81.000000	190.173843	62.789192	0.131911	0.430941	466.628723
11331	85.000000	167.820282	59.942604	0.212927	0.394891	452.330963
11340	81.000000	190.665527	69.188828	0.168860	0.417154	463.683289
11341	83.000000	174.623611	46.510105	0.349188	0.324583	448.106873
11350	82.000000	173.925446	72.380859	0.000000	0.498414	464.721130
11351	82.000000	165.454422	47.918037	0.320826	0.339241	444.616180
11360	82.000000	192.869354	54.526726	0.191858	0.401238	470.257294
11361	82.000000	159.482254	47.380280	0.336777	0.332087	439.640656
11370	84.000000	168.858887	48.601177	0.076125	0.459084	472.686157
11371	83.000000	160.177032	44.386803	0.147973	0.425781	451.914032
