00010	86.000000	174.153458	44.696133	0.167043	0.412969	460.066528
00011	82.000000	140.654007	46.028275	0.240594	0.378635	441.410004
00020	85.000000	165.827866	61.785011	0.159411	0.417820	461.631317
00021	80.000000	144.037643	55.820068	0.440371	0.279067	444.693604
00030	87.000000	160.704895	76.572441	0.010059	0.494477	465.766174
00031	86.000000	184.028259	62.594635	0.362630	0.319649	460.212372
00040	81.000000	161.207733	68.888535	0.000000	0.496976	462.491516
00041	82.000000	174.150269	60.946423	0.346049	0.326642	455.850159
00050	108.000000	181.514160	73.420181	0.076033	0.458316	488.134735
00051	83.000000	128.788635	55.765640	0.229172	0.384763	443.233093
00060	81.000000	157.023865	72.365074	0.028650	0.485298	460.188599
00061	81.000000	140.295898	57.132183	0.390365	0.305191	444.011261
00070	105.000000	172.074387	58.086784	0.186251	0.403312	477.368958
00071	83.000000	171.158127	63.138218	0.214630	0.393745	456.505585
00080	110.000000	184.405914	53.827824	0.212220	0.390209	480.289246
00081	89.000000	178.986145	55.404728	0.349208	0.325186	461.298065
00090	107.000000	200.156540	63.929726	0.236648	0.377705	488.681091
00091	81.000000	134.644348	53.941402	0.250155	0.373997	440.026062
00100	107.000000	166.444229	75.225853	0.000002	0.497808	483.806091
00101	82.000000	149.874023	53.470085	0.365200	0.316069	446.920349
00110	111.000000	222.250061	58.755180	0.304145	0.344396	493.927460
00111	81.000000	162.479889	68.240730	0.152499	0.425238	453.301727
00120	108.000000	187.730255	60.313946	0.209225	0.392324	481.813171
00121	80.000000	160.478714	64.435188	0.233059	0.383734	450.755157
00130	109.000000	185.822357	59.520741	0.226836	0.383809	482.686707
00131	85.000000	164.058319	69.186684	0.402215	0.299499	459.470276
00140	105.000000	183.971512	65.488625	0.183729	0.406220	479.913849
00141	82.000000	133.893143	50.901596	0.324504	0.336799	442.704712
00150	76.000000	188.743240	59.424068	0.238369	0.378843	459.817200
00151	81.000000	145.864594	69.111053	0.000000	0.501158	451.873322
00160	84.000000	185.994659	55.665329	0.261340	0.366803	461.325928
00161	79.000000	167.210236	54.760406	0.350737	0.324461	447.688507
00170	82.000000	173.727554	69.814819	0.113679	0.440787	462.950867
00171	85.000000	119.606552	66.032043	0.127068	0.436909	444.672058
00180	110.000000	180.810989	61.138172	0.177239	0.407967	483.717499
00181	83.000000	152.374557	68.570854	0.096507	0.453554	453.023407
00190	84.000000	165.585724	68.608925	0.108297	0.444666	461.125427
00191	80.000000	123.152451	68.525826	0.044461	0.477468	446.955139
00200	103.000000	184.739731	56.284622	0.306895	0.343978	476.992920
00201	77.000000	152.092560	58.312252	0.288903	0.355056	445.004669
00210	113.000000	170.370316	73.371071	0.034742	0.482132	484.690033
00211	82.000000	175.467499	51.575874	0.347614	0.326173	451.563568
00220	108.000000	173.228973	58.658218	0.154188	0.419740	477.291687
00221	83.000000	132.449249	55.580719	0.302961	0.347431	443.810730
00230	114.000000	190.492645	57.452129	0.263793	0.365494	484.714966
00231	81.000000	174.364975	49.125206	0.359531	0.319806	450.405548
00240	84.000000	180.789108	68.841026	0.144716	0.424974	464.627563
00241	79.000000	188.155930	50.056046	0.376722	0.310921	451.815735
00250	83.000000	177.786438	65.457970	0.201256	0.397687	459.565826
00251	84.000000	132.704208	71.560455	0.179500	0.410614	453.798615
00260	85.000000	190.306259	81.882652	0.086406	0.456107	481.766449
00261	84.000000	155.807144	52.189560	0.434513	0.282378	447.099640
00270	83.000000	174.198273	52.888378	0.299396	0.347431	454.221191
00271	82.000000	157.218338	61.408653	0.257032	0.372184	451.770508
00280	84.000000	166.040787	64.155495	0.063355	0.464850	461.280701
00281	83.000000	165.918411	53.398811	0.335620	0.331398	451.757385
00290	87.000000	181.718140	77.130302	0.126555	0.436570	476.432098
00291	86.000000	110.119637	80.278969	0.021260	0.490085	455.481567
00300	79.000000	183.216995	68.938019	0.195383	0.402004	464.837372
00301	77.000000	150.408539	55.328087	0.452955	0.273151	444.165985
00310	79.000000	174.409897	58.639187	0.248669	0.372020	454.501038
00311	81.000000	174.963593	50.105190	0.366021	0.315119	453.212311
00320	83.000000	192.179169	64.465942	0.252542	0.369657	468.205139
00321	84.000000	181.497803	47.563412	0.387668	0.304641	452.997437
00330	80.000000	161.494278	71.564133	0.027272	0.484476	461.027649
00331	83.000000	137.874649	46.281498	0.381706	0.308316	442.724304
00340	82.000000	177.888031	64.894951	0.244547	0.376419	463.984161
00341	86.000000	128.041565	62.954960	0.209128	0.395447	445.474335
00350	83.000000	172.739334	62.529339	0.000000	0.495011	467.338623
00351	79.000000	186.718185	54.088036	0.401201	0.298799	453.122681
00360	83.000000	173.831314	61.130333	0.208071	0.393213	461.778107
00361	85.000000	186.544556	43.087467	0.414060	0.291951	452.293976
00370	79.000000	174.839630	47.138802	0.090473	0.451510	451.998260
00371	80.000000	134.667160	64.786263	0.161785	0.418747	448.609314
01010	81.000000	177.636261	51.614765	0.201289	0.397006	459.245300
01011	82.000000	155.611481	41.345325	0.250771	0.374329	443.962952
01020	83.000000	188.226318	72.502228	0.213849	0.391406	469.031433
01021	82.000000	160.121719	55.024860	0.282415	0.359358	445.202362
01030	83.000000	163.143631	76.335762	0.092309	0.452502	464.510345
01031	81.000000	146.463745	43.193531	0.324543	0.337058	433.792236
01040	82.000000	169.606674	72.531029	0.169976	0.412889	460.606110
01041	83.000000	163.172577	73.484100	0.076029	0.463299	461.332184
01050	81.000000	178.562103	80.728142	0.092347	0.453161	475.923462
01051	83.000000	158.357254	45.036827	0.359037	0.319831	439.396057
01060	87.000000	177.365067	65.432571	0.147771	0.422013	470.084259
01061	82.000000	172.305984	62.247791	0.248190	0.377003	453.785675
01070	79.000000	195.362137	66.540558	0.275130	0.361386	468.544617
01071	83.000000	151.717300	55.111012	0.180844	0.409569	446.795959
01080	88.000000	166.576477	76.792763	0.000033	0.499946	468.428406
01081	83.000000	154.450043	60.020863	0.111259	0.445632	446.520782
01090	81.000000	181.007828	66.711472	0.165943	0.414056	463.326782
01091	86.000000	163.501160	52.018318	0.327979	0.336031	446.364044
01100	82.000000	182.667480	68.154594	0.127465	0.431687	466.768768
01101	116.000000	182.197830	45.802410	0.403501	0.296185	475.803925
01110	79.000000	188.667740	75.715866	0.087000	0.453837	471.407471
01111	85.000000	146.415604	52.771431	0.128377	0.435885	441.365326
01120	77.000000	168.779648	77.632004	0.018205	0.488360	467.815338
01121	82.000000	153.358139	54.741486	0.236045	0.381108	445.919983
01130	86.000000	174.973862	67.732262	0.122134	0.435279	470.354828
01131	79.000000	155.665680	52.439137	0.307640	0.346023	442.042908
01140	80.000000	195.645401	70.666832	0.236498	0.379983	464.469849
01141	78.000000	156.911316	72.156067	0.101861	0.451643	449.888794
01150	80.000000	198.482254	68.286301	0.229600	0.382511	469.918152
01151	81.000000	140.921021	51.506195	0.159734	0.420352	438.160248
01160	80.000000	186.081116	57.900665	0.302107	0.345038	458.173859
01161	81.000000	172.343613	48.809879	0.315045	0.341553	448.280792
01170	84.000000	171.956131	74.689407	0.000000	0.498279	462.200836
01171	84.000000	153.694977	44.845791	0.334273	0.332660	438.333313
01180	83.000000	166.940460	74.139832	0.187223	0.405390	464.949768
01181	81.000000	148.191666	46.660213	0.371164	0.314031	435.940308
01190	80.000000	167.453949	77.145790	0.085087	0.457492	458.609375
01191	80.000000	175.529129	54.080921	0.347038	0.325719	447.603729
01200	81.000000	178.812027	72.838791	0.006704	0.495889	465.479095
01201	79.000000	172.752228	52.108795	0.370459	0.314273	445.339111
01210	81.000000	183.747528	69.265968	0.164614	0.416133	468.842255
01211	78.000000	171.607208	50.584953	0.331282	0.334111	445.459290
01220	83.000000	180.991287	69.372620	0.135263	0.429659	464.782745
01221	83.000000	159.588257	44.460945	0.346953	0.325344	440.390533
01230	84.000000	185.926804	66.092751	0.247224	0.373728	463.373962
01231	83.000000	131.131058	38.407143	0.366218	0.316174	424.942749
01240	88.000000	170.507919	71.328949	0.036066	0.479767	469.092773
01241	82.000000	159.052094	54.008389	0.312530	0.344409	443.315979
01250	80.000000	181.742447	63.974419	0.227728	0.383668	458.821411
01251	81.000000	148.208954	58.057125	0.216963	0.391495	445.130646
01260	76.000000	175.879608	67.648430	0.229375	0.384035	456.420959
01261	80.000000	171.786331	57.557289	0.320068	0.340888	450.358185
01270	84.000000	186.752686	60.315605	0.273444	0.360154	466.223663
01271	84.000000	161.772003	51.952217	0.311604	0.343359	447.154877
01280	87.000000	161.304077	65.800102	0.000001	0.496186	464.322754
01281	83.000000	144.029556	47.244007	0.298912	0.349449	442.044220
01290	83.000000	179.520477	63.308197	0.282386	0.356176	458.662537
01291	79.000000	173.796448	41.209099	0.397533	0.300041	441.364807
01300	82.000000	170.548492	87.840446	0.050020	0.475994	476.298401
01301	79.000000	155.099121	45.951603	0.363927	0.317384	439.677185
01310	87.000000	173.791611	65.614601	0.116093	0.437695	471.661255
01311	83.000000	158.342117	56.760002	0.233207	0.383082	449.598969
01320	85.000000	188.057159	64.716621	0.238725	0.377208	471.551147
01321	81.000000	156.807739	58.882523	0.223021	0.387709	447.697571
01330	78.000000	157.984787	78.885674	0.000000	0.496797	470.929169
01331	80.000000	123.330650	38.289700	0.371645	0.313680	416.130066
01340	82.000000	163.968994	70.434860	0.000000	0.497750	467.471710
01341	83.000000	140.821838	61.271988	0.217048	0.392806	442.540558
01350	80.000000	166.920044	71.417305	0.169185	0.414545	463.370605
01351	81.000000	124.115578	56.697323	0.000000	0.499907	433.303223
01360	81.000000	189.547211	66.716515	0.087602	0.453830	470.295532
01361	83.000000	150.117523	48.458992	0.315476	0.342204	435.574982
01370	79.000000	181.007889	47.478619	0.204578	0.392984	459.997833
01371	86.000000	158.879303	35.962818	0.289157	0.355270	427.928833
02010	83.000000	191.837082	51.569111	0.178794	0.405658	472.629242
02011	85.000000	130.089737	28.720129	0.281874	0.357423	439.907654
02020	82.000000	155.418060	61.052158	0.000001	0.494698	460.848969
02021	85.000000	152.942673	49.168739	0.304834	0.346583	447.460022
02030	83.000000	199.350494	68.942780	0.169244	0.412455	474.958923
02031	82.000000	120.458252	58.077137	0.000090	0.499580	441.011902
02040	84.000000	206.476501	65.674400	0.230222	0.379389	475.133881
02041	80.000000	151.053268	62.739922	0.225029	0.388519	443.091766
02050	86.000000	184.536301	76.128296	0.118719	0.437787	474.611969
02051	81.000000	119.713333	45.753891	0.000000	0.497751	437.409790
02060	80.000000	186.779892	66.041939	0.225838	0.383242	466.286377
02061	79.000000	142.858124	47.570648	0.305475	0.347066	430.631226
02070	82.000000	206.645355	63.482311	0.228356	0.383259	468.711304
02071	78.000000	160.201843	45.274502	0.342352	0.327334	441.758820
02080	87.000000	190.404861	67.140831	0.193708	0.401801	466.308197
02081	90.000000	141.743362	57.589561	0.160882	0.420492	452.030518
02090	83.000000	186.881805	74.420494	0.158252	0.417293	478.233978
02091	84.000000	155.066666	48.748260	0.301959	0.347202	442.581787
02100	79.000000	185.609924	68.008720	0.198024	0.397994	461.804810
02101	85.000000	162.765808	43.376686	0.305838	0.345439	445.096039
02110	81.000000	183.510788	77.916565	0.000000	0.494864	475.727173
02111	82.000000	144.717545	49.665833	0.355330	0.322519	438.781982
02120	87.000000	190.601059	85.714569	0.081731	0.457363	483.988647
02121	81.000000	151.415451	50.593372	0.245941	0.376029	444.827881
02130	87.000000	183.273544	67.785500	0.232121	0.382590	467.553345
02131	82.000000	148.711472	52.181057	0.289378	0.355613	443.160950
02140	85.000000	180.817551	66.590668	0.000000	0.492716	471.865479
02141	78.000000	164.566025	51.530151	0.257747	0.370378	438.866272
02150	83.000000	177.464691	76.054466	0.126226	0.437020	464.901886
02151	79.000000	148.817459	47.806911	0.293880	0.352435	435.396179
02160	83.000000	205.889893	71.986916	0.242386	0.375828	481.669220
02161	80.000000	155.065750	51.966339	0.266106	0.365772	441.193390
02170	84.000000	183.562485	84.389832	0.000000	0.499232	479.907806
02171	83.000000	133.945526	44.021927	0.235501	0.381123	438.140930
02180	83.000000	176.085022	75.567802	0.121947	0.438138	463.591980
02181	79.000000	163.047806	41.304623	0.390819	0.303109	432.904236
02190	81.000000	186.379242	66.802910	0.230375	0.382297	468.364899
02191	80.000000	132.304260	61.949314	0.060100	0.470520	445.206726
02200	79.000000	194.101776	86.812523	0.030338	0.480388	486.557648
02201	84.000000	152.245453	59.460453	0.105415	0.447557	447.183594
02210	79.000000	175.198380	90.438690	0.000000	0.501270	478.674255
02211	85.000000	150.847488	50.978168	0.198562	0.399928	443.367065
02220	81.000000	186.153763	82.626427	0.000000	0.497722	481.785950
02221	83.000000	158.223572	59.731865	0.193267	0.402783	451.420105
02230	81.000000	188.350250	84.228432	0.114459	0.440899	476.210144
02231	80.000000	139.217072	40.909081	0.346461	0.326093	430.393860
02240	87.000000	183.220215	81.177948	0.046943	0.475643	481.315369
02241	83.000000	150.577866	57.847111	0.180647	0.410505	443.233154
02250	84.000000	188.595367	76.924370	0.059674	0.466417	477.461243
02251	82.000000	151.337891	54.211823	0.214411	0.393026	439.563782
02260	85.000000	167.480194	85.590004	0.005946	0.496368	471.561890
02261	88.000000	169.283279	51.320782	0.330589	0.334426	450.301819
02270	82.000000	176.927872	85.731575	0.008577	0.496571	470.586700
02271	81.000000	143.477692	47.957668	0.270772	0.363117	435.184448
02280	81.000000	171.895462	99.555138	0.062081	0.476727	469.528259
02281	78.000000	147.892914	48.366745	0.264006	0.367116	437.838043
02290	83.000000	184.794434	82.591797	0.086638	0.455496	477.987366
02291	82.000000	179.988846	50.328613	0.291654	0.351460	453.272522
02300	83.000000	187.419983	66.713921	0.217474	0.387628	469.269073
02301	85.000000	156.926147	44.067722	0.291849	0.353110	443.247467
02310	85.000000	163.920654	63.852631	0.005947	0.494091	457.680115
02311	82.000000	149.260895	40.161545	0.400854	0.296955	442.290863
02321	88.000000	163.215698	46.130665	0.307414	0.344034	452.488831
02330	81.000000	175.362808	69.057961	0.039535	0.474645	465.118744
02331	80.000000	131.040756	38.416882	0.266701	0.364939	435.367706
02340	84.000000	203.967682	43.777950	0.329487	0.325609	468.853058
02341	84.000000	175.269867	51.804802	0.131869	0.433750	451.623962
02350	80.000000	182.495682	63.623985	0.200068	0.394976	459.874176
02351	411.000000	471.948914	48.502148	0.136286	0.428879	958.772278
02360	82.000000	188.805710	67.735649	0.076019	0.459532	467.509003
02370	87.000000	187.912109	49.459450	0.095679	0.447652	478.306732
02371	414.000000	2835.293213	6.091256	0.972051	63331.566406	94767.226562
03010	85.000000	187.367889	37.638000	0.267515	0.360973	456.259613
03011	82.000000	145.309540	50.952087	0.060091	0.469578	438.879059
03020	83.000000	157.431152	51.760002	0.017850	0.485970	458.757690
03021	89.000000	155.211914	50.107689	0.237659	0.381844	438.163940
03030	83.000000	169.029404	47.988552	0.284834	0.354281	456.737030
03031	81.000000	150.187927	57.419891	0.225335	0.388344	443.754700
03040	84.000000	158.979935	57.211567	0.000000	0.495080	459.909607
03041	142.000000	163.289490	36.286724	0.363353	0.317444	487.007965
03050	83.000000	170.325333	51.553341	0.332067	0.331615	454.101837
03051	85.000000	140.799149	56.667290	0.153928	0.423510	439.067169
03060	85.000000	166.694229	55.609756	0.176658	0.410364	455.602112
03061	83.000000	161.552475	49.549065	0.311981	0.344754	441.501465
03070	84.000000	171.702072	44.579208	0.317518	0.338227	451.573120
03071	82.000000	164.065048	47.043659	0.358957	0.321187	430.015656
03080	84.000000	162.055298	62.467354	0.041284	0.477413	456.737274
03081	86.000000	157.479126	59.634193	0.130051	0.436435	442.102753
03090	86.000000	168.746536	41.684711	0.295986	0.345980	457.405334
03091	80.000000	154.919830	45.205940	0.276045	0.359523	444.568054
03100	83.000000	170.980759	46.826851	0.296948	0.349157	450.989166
03101	87.000000	150.663254	55.436436	0.167527	0.416381	447.762909
03110	81.000000	162.384659	50.747948	0.314070	0.340311	450.341522
03111	80.000000	153.061127	54.621506	0.203110	0.400089	433.794861
03120	85.000000	798.902649	80.367065	1.000038	0.235172	1205370752.000000
03121	81.000000	158.818680	48.669800	0.193097	0.402207	443.776215
03130	86.000000	176.514954	65.005646	0.224793	0.385956	463.935272
03131	82.000000	162.658371	54.331497	0.291550	0.355127	442.911957
03140	83.000000	151.076431	57.902039	0.178505	0.408232	454.145844
03141	81.000000	152.690582	55.329937	0.208367	0.397497	434.347290
03150	83.000000	154.644897	53.200466	0.211066	0.392545	453.499634
03151	164.000000	158.964157	49.095905	0.000003	0.498706	556.115540
03160	84.000000	164.764236	78.527916	0.070890	0.466451	463.594635
03161	84.000000	168.821609	46.104553	0.325188	0.337527	442.949158
03170	81.000000	172.740677	67.689240	0.233274	0.382981	458.454102
03171	82.000000	156.142242	52.722763	0.238123	0.381047	443.853210
03180	85.000000	163.504288	59.565659	0.127605	0.434420	460.297943
03181	86.000000	156.943527	49.564034	0.250397	0.374985	440.001617
03190	85.000000	178.933105	69.844940	0.121037	0.439249	461.247742
03191	83.000000	156.749710	51.421917	0.230766	0.384832	439.910767
03200	85.000000	158.065598	58.761490	0.166033	0.415729	456.446167
03201	75.000000	172.229706	49.253143	0.341810	0.330202	435.699463
03210	81.000000	151.848068	65.410515	0.018452	0.490197	452.821411
03211	82.000000	155.114578	59.551785	0.127481	0.437826	444.175232
03220	77.000000	179.048340	54.503616	0.251716	0.371062	450.068115
03221	84.000000	167.136688	45.950165	0.341269	0.329123	441.687805
03230	85.000000	178.706558	60.178543	0.189236	0.404093	461.199066
03231	80.000000	170.561066	41.757488	0.371989	0.313487	437.859863
03240	83.000000	171.332474	55.931377	0.176479	0.410114	457.127411
03241	87.000000	166.226089	52.417061	0.270386	0.365725	444.294891
03250	80.000000	167.035706	58.835281	0.157961	0.418620	453.084412
03251	87.000000	148.716660	64.296303	0.077887	0.463078	444.818329
03260	85.000000	186.599762	47.640869	0.273537	0.359071	456.274780
03261	79.000000	167.335251	57.684452	0.223156	0.390350	444.650574
03270	83.000000	159.672623	53.918251	0.148641	0.422720	454.272705
03271	87.000000	157.593765	51.412567	0.086151	0.456857	443.112518
03280	85.000000	175.311142	61.153782	0.198850	0.399461	456.991516
03281	81.000000	141.270203	61.203037	0.097625	0.451519	440.683624
03290	78.000000	169.791199	57.453079	0.204234	0.395849	452.966919
03291	83.000000	169.979858	47.978981	0.328894	0.336005	441.173096
03300	83.000000	156.897415	71.116882	0.000000	0.496292	461.747681
03301	108.000000	174.095993	50.836777	0.358503	0.320441	466.661316
03310	85.000000	144.684082	62.130390	0.022986	0.486391	453.907684
03311	101.000000	162.477936	56.954777	0.240483	0.380106	460.304077
03320	80.000000	169.460938	77.084793	0.007124	0.495822	463.530975
03321	133.000000	148.163132	61.519859	0.001659	0.499017	496.537994
03330	84.000000	172.437500	56.530682	0.063249	0.459896	465.538483
03331	79.000000	178.756729	48.612873	0.341663	0.328775	445.515564
03340	85.000000	168.726944	61.727158	0.215708	0.390450	458.414093
03341	87.000000	163.159317	56.366425	0.202266	0.400489	444.237549
03350	80.000000	148.879730	57.585449	0.168031	0.414809	449.770630
03351	84.000000	155.925385	58.520290	0.264123	0.369528	442.237244
03360	82.000000	150.119644	64.265274	0.074210	0.463924	454.829071
03361	83.000000	154.362503	52.695972	0.227243	0.386204	439.274628
03370	82.000000	177.484940	37.469723	0.204903	0.394166	455.374756
03371	82.000000	168.525284	41.128422	0.204293	0.397823	434.845215
04010	78.000000	166.379654	50.952713	0.128185	0.433311	458.982910
04011	85.000000	169.594772	35.128498	0.306418	0.344609	436.508636
04020	83.000000	194.548462	58.718647	0.266347	0.362250	463.311310
04021	84.000000	168.647476	52.193665	0.211038	0.393640	451.383087
04030	83.000000	175.246460	67.399513	0.160275	0.416056	466.420868
04031	79.000000	158.884384	53.894073	0.312855	0.344113	441.491516
04040	81.000000	172.092682	61.406578	0.172911	0.410931	457.313995
04041	81.000000	139.424835	63.652996	0.061912	0.469613	444.310455
04050	82.000000	158.582672	72.635963	0.095474	0.449611	462.402924
04051	83.000000	167.668137	65.826035	0.223853	0.389847	453.088959
04060	78.000000	167.793182	78.954674	0.000143	0.497025	466.635956
04061	81.000000	160.216232	48.159309	0.345174	0.326418	444.150726
04070	74.000000	185.123703	59.062321	0.318215	0.338016	454.069244
04071	84.000000	159.140823	36.837051	0.322629	0.337174	441.012756
04080	85.000000	184.649094	66.077019	0.226281	0.383542	467.875793
04081	83.000000	186.154907	46.004051	0.323717	0.335963	454.377930
04090	82.000000	177.128937	71.028862	0.192692	0.399520	463.455627
04091	82.000000	171.160049	52.050320	0.220848	0.388742	449.636780
04100	83.000000	184.137299	74.206810	0.199248	0.398696	471.062164
04101	78.000000	145.982071	55.748795	0.188557	0.405765	438.847778
04110	82.000000	184.463776	65.140350	0.197628	0.396616	465.054932
04111	81.000000	156.284607	68.790482	0.127541	0.438271	447.340302
04120	80.000000	156.560608	66.691727	0.055596	0.470014	459.310669
04121	79.000000	160.224121	50.760731	0.235940	0.380367	442.182037
04130	80.000000	192.292328	69.500839	0.264813	0.364579	464.282715
04131	77.000000	176.588501	59.898170	0.261247	0.370371	448.184326
04140	84.000000	162.986847	79.775276	0.000001	0.499640	463.217316
04141	79.000000	148.726822	51.974125	0.232931	0.383093	439.662109
04150	88.000000	167.514282	67.770828	0.172244	0.411240	467.527191
04151	76.000000	172.130051	77.966469	0.135650	0.435386	459.316589
04160	79.000000	160.784317	82.113785	0.011931	0.494004	461.497192
04161	81.000000	154.092163	49.309158	0.280811	0.359747	438.257477
04170	79.000000	170.585327	88.011742	0.034162	0.483348	473.714691
04171	85.000000	172.739883	50.527824	0.348402	0.325757	446.935730
04180	87.000000	166.086014	77.577866	0.121044	0.437907	465.290985
04181	84.000000	148.621765	70.895020	0.002432	0.500655	450.721069
04190	81.000000	156.408081	78.669647	0.049240	0.473647	463.886993
04191	84.000000	159.111008	53.381695	0.272162	0.362832	449.231049
04200	84.000000	196.195053	72.516472	0.191847	0.402328	470.637909
04201	82.000000	149.311523	57.269657	0.195640	0.402712	443.738861
04210	79.000000	163.275665	52.487759	0.254195	0.370092	450.210632
04211	82.000000	157.934280	51.143536	0.300130	0.349815	446.941437
04220	81.000000	167.912018	62.825821	0.249431	0.371958	457.582428
04221	82.000000	169.046494	46.424385	0.372567	0.313110	441.286682
04230	78.000000	170.865601	80.913925	0.026433	0.485676	467.453918
04231	78.000000	144.562759	63.922581	0.107143	0.447048	446.919678
04240	79.000000	191.480179	65.821480	0.259166	0.367051	464.838989
04241	80.000000	174.954041	48.702904	0.353474	0.323220	446.596771
04250	79.000000	159.746445	75.932076	0.077815	0.459551	455.848145
04251	86.000000	158.048874	51.370602	0.263512	0.368105	447.931976
04260	82.000000	169.627243	74.018784	0.118097	0.438618	463.391968
04261	85.000000	109.828613	56.783649	0.064827	0.467469	424.819672
04270	85.000000	196.790771	69.159096	0.206194	0.391612	468.751343
04271	82.000000	149.325485	52.893265	0.248879	0.375336	440.471405
04280	81.000000	164.399109	76.510307	0.000000	0.494222	465.690216
04281	80.000000	177.316345	49.028065	0.353675	0.322903	448.159546
04290	79.000000	161.693405	73.646721	0.072848	0.461661	460.464569
04291	85.000000	165.800293	46.422379	0.338782	0.330199	446.926819
04300	84.000000	196.329102	70.000603	0.239286	0.376228	472.668549
04301	79.000000	161.564804	48.537548	0.350845	0.323657	443.226410
04310	82.000000	162.207184	76.078178	0.067261	0.463141	467.788483
04311	85.000000	158.170456	47.961407	0.310748	0.342924	447.018616
04320	82.000000	165.311447	78.249817	0.043132	0.476176	466.014282
04321	84.000000	155.998901	42.092396	0.374886	0.310984	442.097565
04330	80.000000	139.964462	87.820763	0.001848	0.502238	456.886688
04331	86.000000	142.185608	56.147682	0.000000	0.499275	450.069763
04340	81.000000	176.353317	68.279472	0.226832	0.384882	464.528809
04341	81.000000	147.381470	60.682289	0.199603	0.400926	447.171326
04350	84.000000	169.843491	81.921043	0.000000	0.497357	475.396088
04351	86.000000	146.346039	55.982712	0.194527	0.402843	446.725067
04360	84.000000	175.126038	74.995094	0.112399	0.441663	470.322510
04361	90.000000	166.981674	40.422638	0.370116	0.313545	440.334869
04370	76.000000	169.748032	56.270535	0.083127	0.455524	457.313690
04371	79.000000	155.436539	51.741760	0.112499	0.444168	442.094452
05010	83.000000	173.558517	42.704643	0.244615	0.372267	460.387665
05011	84.000000	173.643433	46.646080	0.264815	0.367834	444.867767
05020	82.000000	161.474213	69.899979	0.033759	0.481038	463.877838
05021	80.000000	121.128708	59.826031	0.045117	0.478335	433.208008
05030	84.000000	187.132889	68.786438	0.244675	0.375409	472.386536
05031	84.000000	118.512009	65.246162	0.000029	0.501226	435.983887
05040	83.000000	148.654327	65.716957	0.055672	0.470803	455.006439
05041	84.000000	152.649399	50.271996	0.279058	0.360753	443.425171
05050	77.000000	169.321365	65.522751	0.281535	0.356635	459.797241
05051	89.000000	134.135605	42.641426	0.224843	0.386740	436.127960
05060	82.000000	170.926529	63.215408	0.229700	0.382332	460.941467
05061	83.000000	155.254013	54.445568	0.222941	0.388842	447.546692
05070	77.000000	162.137558	89.315323	0.000000	0.499630	476.341827
05071	80.000000	170.273361	41.894894	0.452429	0.273369	440.909088
05080	86.000000	173.255630	75.104950	0.189711	0.403619	468.454468
05081	81.000000	144.214996	49.352905	0.288685	0.355703	439.516998
05090	84.000000	173.580444	75.711723	0.187510	0.404557	473.563934
05091	82.000000	127.177948	62.728706	0.119749	0.439180	443.930023
05100	85.000000	164.438278	66.822144	0.000000	0.494963	472.275482
05101	80.000000	159.477768	54.156654	0.272413	0.363741	444.553101
05110	81.000000	183.951721	74.332512	0.242177	0.376779	472.233521
05111	83.000000	139.107254	34.264870	0.372742	0.312804	424.321411
05120	84.000000	158.374435	84.084099	0.016054	0.491238	475.909698
05121	80.000000	167.499542	43.795555	0.329547	0.333600	444.149353
05130	86.000000	154.833023	75.513031	0.000001	0.498272	468.603912
05131	90.000000	142.004654	50.655212	0.251698	0.374110	447.275330
05140	82.000000	175.792526	60.093063	0.273442	0.360363	461.022583
05141	82.000000	157.686096	45.117348	0.423469	0.287841	439.627319
05150	84.000000	165.606445	74.613205	0.091502	0.452359	465.857971
05151	87.000000	152.709839	50.688156	0.333603	0.333550	443.593842
05160	80.000000	167.532059	74.989334	0.153794	0.421898	463.047546
05161	86.000000	168.244171	45.506401	0.374075	0.312582	447.746521
05170	79.000000	162.138397	75.174637	0.051233	0.473403	466.276489
05171	84.000000	138.079636	59.991497	0.134478	0.433818	442.030396
05180	84.000000	174.542191	61.168999	0.251794	0.370258	463.288910
05181	82.000000	131.807251	47.409832	0.122913	0.436971	443.291321
05190	84.000000	159.524323	65.846382	0.052166	0.469662	462.418457
05191	86.000000	159.643723	44.621002	0.356050	0.320581	440.958130
05200	82.000000	165.451797	64.484421	0.231038	0.382252	458.429779
05201	87.000000	143.990311	58.521492	0.193433	0.403935	448.290833
05210	81.000000	181.326324	66.104111	0.252367	0.371339	463.113556
05211	82.000000	112.086723	74.579842	0.000179	0.503505	436.032898
05220	81.000000	161.509033	72.881355	0.034351	0.479898	463.075714
05221	82.000000	136.104095	62.796577	0.035093	0.482801	446.688110
05230	88.000000	156.791763	76.185593	0.054762	0.471173	469.964630
05231	84.000000	134.326797	53.152302	0.117267	0.441973	436.742615
05240	82.000000	171.800781	67.149734	0.153647	0.420364	465.672821
05241	86.000000	153.551636	47.834160	0.329323	0.334940	443.889801
05250	77.000000	162.744751	81.159401	0.080828	0.459032	463.705353
05251	83.000000	134.028320	52.820694	0.176934	0.412351	433.947327
05260	82.000000	177.431152	69.041687	0.222501	0.386973	467.854614
05261	80.000000	168.543381	46.037556	0.384012	0.307541	445.099548
05270	86.000000	156.908890	66.718315	0.000001	0.497814	464.342896
05271	82.000000	142.287888	56.026264	0.221402	0.389919	441.312683
05280	83.000000	153.456970	66.935539	0.000000	0.496084	462.608215
05281	81.000000	132.344009	53.021957	0.010155	0.494165	443.251740
05290	85.000000	177.765350	75.917816	0.116606	0.440232	474.265717
05291	86.000000	122.248840	31.061451	0.375075	0.311697	425.523865
05300	81.000000	165.310120	71.470482	0.205187	0.397171	459.471649
05301	77.000000	143.466644	51.652512	0.271490	0.363878	440.424255
05310	84.000000	173.775864	68.847633	0.232057	0.380796	465.125244
05311	81.000000	130.975342	53.336628	0.244498	0.376965	439.691681
05320	77.000000	158.278107	86.457222	0.025553	0.486956	468.605316
05321	81.000000	135.000671	54.880836	0.168636	0.415294	443.671844
05330	81.000000	181.275314	78.133812	0.189629	0.402577	474.808075
05331	84.000000	139.871521	55.136314	0.263308	0.368994	438.650665
05340	85.000000	172.009354	57.796543	0.311613	0.341791	459.751862
05341	79.000000	153.666962	41.590111	0.414121	0.291608	441.095673
05350	85.000000	142.383514	79.420555	0.003144	0.496798	462.360931
05351	84.000000	140.434875	57.194874	0.191199	0.404421	441.290802
05360	88.000000	169.841293	68.525139	0.154981	0.420499	467.945374
05361	79.000000	141.608429	45.095089	0.272105	0.363333	435.458801
05370	85.000000	169.987671	55.766445	0.011590	0.491426	467.099213
05371	82.000000	133.620026	28.109182	0.370959	0.313573	433.407715
06010	81.000000	180.403137	49.111572	0.264551	0.364349	459.359741
06011	81.000000	164.146423	41.737930	0.291892	0.352750	443.912292
06020	85.000000	161.686401	60.763721	0.135231	0.429488	461.209473
06021	80.000000	137.875427	35.740414	0.415595	0.290697	433.976227
06030	77.000000	181.143951	70.017197	0.169086	0.412960	465.667450
06031	85.000000	173.001404	47.933872	0.329032	0.334983	451.934113
06040	78.000000	162.369736	75.601852	0.000000	0.497109	466.288177
06041	133.000000	108.961746	58.695396	0.077409	0.468545	461.119873
06050	82.000000	172.013412	66.395149	0.242424	0.376251	462.694122
06051	84.000000	172.323868	45.350716	0.342649	0.327111	449.869690
06060	79.000000	177.592667	64.249054	0.276218	0.358643	460.399261
06061	79.000000	197.328064	25.743917	0.516842	0.237716	446.766144
06070	81.000000	160.067093	67.260391	0.000000	0.495973	465.327271
06071	83.000000	178.482544	63.370739	0.133354	0.434140	459.753906
06080	79.000000	182.062393	74.727135	0.110100	0.443301	470.532959
06081	80.000000	128.081970	41.235996	0.340604	0.329782	413.970642
06090	79.000000	176.593643	82.311882	0.155635	0.420058	474.333984
06091	83.000000	180.876114	59.580090	0.240771	0.378383	455.558655
06100	80.000000	169.777649	75.634468	0.203369	0.397772	465.370636
06101	83.000000	126.390167	41.452911	0.298356	0.349983	433.720581
06110	85.000000	174.835236	69.710609	0.176014	0.409460	466.343384
06111	86.000000	164.607040	54.264259	0.184821	0.407382	449.700287
06120	82.000000	179.582138	68.253647	0.254140	0.370006	467.052155
06121	82.000000	136.410110	29.423954	0.466266	0.264885	429.229553
06130	85.000000	164.164719	67.652863	0.000000	0.495982	464.324432
06131	83.000000	173.432556	53.622398	0.234020	0.382851	451.257660
06140	84.000000	195.094406	65.429939	0.305115	0.343993	468.432556
06141	81.000000	118.867096	49.108673	0.052127	0.474014	432.559448
06150	79.000000	174.156860	57.849648	0.000000	0.489751	468.733856
06151	83.000000	166.160187	54.358154	0.252322	0.373368	451.508148
06160	79.000000	177.979202	76.352577	0.131648	0.430030	470.707062
06161	80.000000	115.813393	43.372963	0.254321	0.372630	428.272827
06170	80.000000	175.347046	75.580513	0.210510	0.393414	468.085632
06171	85.000000	167.616394	46.150944	0.325240	0.335529	450.005829
06180	84.000000	190.479950	65.879524	0.267990	0.362600	470.032227
06181	81.000000	168.874023	54.915916	0.299929	0.349037	450.771179
06190	83.000000	185.430481	60.155766	0.298098	0.346542	465.560272
06191	78.000000	150.011810	53.098480	0.247243	0.375413	443.260406
06200	84.000000	165.385605	71.230362	0.084986	0.457496	464.142853
06201	79.000000	118.029099	43.235783	0.252403	0.373497	422.148254
06210	86.000000	179.998688	71.172333	0.000000	0.492354	480.852875
06211	82.000000	154.565048	48.739197	0.356557	0.321467	443.965363
06220	83.000000	173.676971	78.509895	0.108198	0.445281	467.819763
06221	82.000000	169.329575	47.842716	0.362233	0.317544	449.247528
06230	85.000000	178.976395	71.500610	0.177837	0.409675	467.487885
06231	81.000000	182.106689	50.666142	0.355999	0.321538	451.406555
06240	88.000000	167.596115	70.022377	0.212652	0.392049	469.553650
06241	78.000000	146.457214	56.394115	0.198803	0.400301	443.526154
06250	80.000000	168.476303	74.832825	0.153891	0.422135	461.918091
06251	80.000000	152.558670	51.717770	0.337394	0.331176	441.129974
06260	80.000000	182.536072	69.360825	0.268840	0.363525	463.277893
06261	82.000000	167.022415	54.744488	0.352260	0.324276	446.300842
06270	79.000000	161.470947	84.416412	0.100526	0.450384	466.069366
06271	83.000000	145.082016	61.309593	0.179386	0.410642	449.315887
06280	83.000000	192.498871	52.012299	0.360255	0.314216	462.819611
06281	84.000000	162.387985	52.046555	0.303945	0.347290	446.134918
06290	84.000000	176.315338	64.510208	0.248839	0.372263	464.523041
06291	84.000000	164.117920	61.147369	0.246423	0.376708	454.718262
06300	78.000000	178.326355	59.224522	0.328549	0.332805	458.309753
06301	85.000000	166.638977	51.045807	0.278506	0.360130	450.431244
06310	84.000000	166.943024	70.018173	0.122980	0.436133	463.913727
06311	77.000000	146.274643	59.224812	0.224510	0.386874	442.423340
06320	78.000000	163.684174	81.013878	0.087422	0.455820	466.658600
06321	77.000000	157.149597	50.867748	0.308699	0.344730	442.539581
06330	83.000000	168.416519	67.481583	0.000000	0.493360	469.556000
06331	82.000000	144.815964	66.010109	0.000009	0.501320	450.450745
06340	85.000000	169.895370	64.664307	0.208140	0.393237	468.747040
06341	82.000000	163.291061	48.883633	0.389888	0.305546	442.798035
06350	81.000000	155.895508	80.557976	0.035955	0.481355	461.674469
06351	86.000000	151.481354	57.315670	0.236791	0.380887	451.025787
06360	82.000000	167.111679	61.502617	0.215294	0.390565	457.352142
06361	86.000000	156.298615	50.892464	0.319929	0.340412	446.401642
06370	80.000000	182.549484	44.386108	0.190920	0.398548	457.820709
06371	84.000000	153.376175	52.393745	0.185500	0.407727	447.245087
07010	92.000000	169.672882	33.062767	0.233312	0.377217	460.296143
07011	81.000000	153.331909	40.992062	0.240475	0.379957	428.985352
07020	83.000000	136.857162	61.355186	0.046246	0.475513	452.513062
07021	84.000000	165.102219	48.588612	0.398641	0.300070	445.613739
07030	80.000000	172.166092	62.157597	0.200921	0.398081	458.861481
07031	84.000000	153.947205	46.149471	0.381627	0.309237	444.883270
07040	81.000000	187.571060	53.775082	0.296175	0.347455	456.453522
07041	80.000000	155.683701	51.165047	0.281228	0.359828	438.689636
07050	86.000000	141.332108	60.640392	0.060608	0.468213	451.195709
07051	82.000000	141.244598	48.839184	0.255943	0.372121	437.775879
07060	83.000000	169.878021	60.149891	0.194614	0.400218	461.238434
07061	81.000000	162.309769	51.240395	0.334930	0.332573	443.427216
07070	83.000000	167.969543	64.436653	0.222029	0.388327	455.967163
07071	80.000000	161.660583	41.725609	0.423191	0.288287	433.757568
07080	84.000000	166.775177	63.867950	0.217718	0.388720	459.958374
07081	82.000000	147.353149	58.290005	0.158964	0.421717	439.357452
07090	89.000000	163.683975	63.008514	0.144853	0.422954	466.461700
07091	80.000000	167.445038	43.180576	0.414564	0.291670	441.382111
07100	90.000000	171.747391	55.732868	0.302993	0.345452	462.813263
07101	85.000000	151.305557	50.864655	0.279227	0.360050	442.858063
07110	91.000000	178.842331	57.288799	0.321771	0.337526	463.442047
07111	81.000000	162.321960	60.583462	0.248239	0.377044	447.911987
07120	81.000000	162.574356	76.907959	0.085438	0.456699	460.717163
07121	80.000000	141.797852	50.072636	0.041303	0.478079	440.560455
07130	86.000000	170.462250	53.393650	0.300540	0.347278	458.947327
07131	84.000000	137.968719	60.460297	0.121513	0.440054	442.164124
07140	85.000000	182.474594	68.261246	0.234384	0.380834	471.143127
07141	79.000000	173.182739	44.069889	0.385813	0.306848	444.014343
07150	81.000000	151.952927	70.769646	0.000001	0.500300	455.123199
07151	79.000000	144.744034	46.693668	0.234835	0.382499	430.960968
07160	77.000000	158.264816	65.109192	0.164804	0.417079	450.957642
07161	85.000000	157.202377	44.835693	0.325393	0.336490	446.510590
07170	83.000000	179.285507	72.525337	0.164978	0.418267	464.778656
07171	83.000000	156.175964	48.099842	0.301411	0.348570	444.543976
07180	83.000000	170.409592	77.366615	0.030192	0.484390	464.151764
07181	84.000000	135.963226	52.688885	0.131148	0.434665	436.419312
07190	84.000000	163.694992	45.733006	0.242129	0.375434	452.501831
07191	80.000000	173.789291	51.116043	0.369893	0.314346	446.643890
07200	85.000000	144.200348	69.112427	0.000000	0.498696	458.679474
07201	85.000000	155.684647	48.494450	0.330883	0.334564	443.703064
07210	82.000000	154.597443	66.413589	0.135472	0.430597	451.730255
07211	83.000000	116.340805	73.188354	0.001782	0.503618	432.127533
07220	88.000000	157.738449	64.634407	0.000001	0.496947	461.931427
07221	81.000000	147.103790	49.445667	0.264953	0.367554	429.503174
07230	84.000000	171.965179	54.162289	0.257890	0.368903	458.045441
07231	82.000000	143.609406	56.238045	0.180453	0.410267	441.821045
07240	84.000000	169.988876	60.583035	0.201887	0.397233	459.412048
07241	85.000000	153.815536	40.477169	0.393302	0.302929	425.502350
07250	82.000000	167.427124	60.923241	0.221312	0.387162	456.780151
07251	80.000000	161.743469	45.150757	0.394032	0.302645	434.125061
07260	87.000000	172.345581	38.866955	0.066018	0.460119	460.717651
07261	82.000000	143.418976	42.647449	0.336412	0.331406	437.744568
07270	82.000000	165.881729	59.980366	0.239987	0.376787	457.834869
07271	119.000000	156.184937	44.519962	0.348582	0.325100	469.674347
07280	83.000000	185.098526	69.012962	0.195380	0.400859	467.493744
07281	104.000000	162.413742	46.440201	0.271189	0.364071	451.712341
07290	80.000000	156.606888	62.231045	0.141115	0.427074	454.910919
07291	97.000000	153.616592	47.727192	0.281906	0.357770	456.585876
07300	82.000000	165.451660	53.233257	0.213047	0.390299	456.205658
07301	84.000000	154.042023	51.903156	0.194211	0.402850	448.274475
07310	83.000000	159.457352	65.224533	0.099721	0.446369	458.087982
07311	82.000000	147.713837	48.904793	0.324967	0.336344	443.266266
07320	86.000000	170.134064	64.888626	0.276241	0.361259	456.620514
07321	80.000000	138.760895	33.788265	0.339931	0.328742	431.533539
07330	88.000000	182.001083	63.456062	0.314126	0.341238	465.560913
07331	81.000000	170.196213	47.983387	0.343089	0.327215	444.582611
07340	80.000000	160.069870	53.377445	0.150010	0.422734	454.725403
07341	83.000000	157.543625	41.934860	0.388652	0.304928	436.075195
07351	84.000000	145.028946	54.110775	0.283341	0.359062	429.521210
07360	85.000000	177.807678	49.397797	0.168227	0.412818	464.221619
07361	83.000000	138.091476	42.375698	0.145014	0.427198	424.809204
07370	85.000000	163.761551	40.167152	0.096175	0.448010	461.484711
07371	84.000000	175.725388	34.349751	0.296740	0.350108	438.024506
08010	88.000000	178.278137	43.111614	0.203832	0.394183	463.813171
08011	87.000000	148.315094	34.105686	0.249644	0.373702	435.883789
08020	84.000000	188.059692	70.656418	0.127524	0.436043	469.455017
08021	83.000000	147.942886	43.466312	0.327856	0.335201	427.093445
08030	78.000000	155.603348	68.233368	0.087585	0.454604	455.957092
08031	85.000000	145.969666	47.917137	0.267992	0.365786	442.101532
08040	83.000000	186.272034	67.926949	0.214359	0.390884	471.139160
08041	83.000000	137.868103	43.080730	0.078585	0.459307	435.669250
08050	80.000000	188.424896	57.667027	0.246905	0.373311	459.176086
08051	81.000000	168.745987	43.188560	0.293009	0.352017	438.079407
08060	80.000000	160.542206	90.856529	0.006768	0.498389	468.525452
08061	78.000000	148.381790	50.361290	0.284981	0.357047	433.704346
08070	86.000000	152.470490	80.312325	0.000014	0.499797	464.500000
08071	83.000000	153.935806	50.665749	0.180295	0.409149	442.541565
08080	83.000000	197.402206	63.396187	0.304700	0.344292	469.719086
08081	83.000000	138.270966	32.544968	0.305548	0.345791	434.611694
08090	81.000000	155.091064	72.213455	0.000000	0.494238	458.774200
08091	86.000000	169.113297	71.379044	0.118311	0.440859	460.152557
08100	83.000000	200.344269	83.703636	0.143986	0.423928	487.125946
08101	82.000000	136.296402	46.310417	0.133603	0.432270	437.447357
08110	84.000000	173.867508	61.991417	0.242780	0.376459	459.474091
08111	83.000000	156.802292	49.570492	0.240851	0.379343	441.874481
08120	80.000000	194.262604	74.622154	0.179455	0.407623	475.155823
08121	82.000000	134.182037	44.898106	0.080592	0.457914	435.355774
08130	79.000000	182.826859	60.338657	0.288337	0.353089	461.608917
08131	84.000000	176.113327	58.962505	0.227580	0.385392	456.939301
08140	80.000000	204.899826	60.041260	0.324900	0.333053	463.993225
08141	77.000000	145.671158	45.406487	0.315918	0.342071	426.041626
08150	79.000000	172.110077	62.880730	0.247030	0.373772	456.706665
08160	81.000000	196.750214	67.777138	0.291933	0.353360	464.352539
08161	83.000000	127.660065	58.947601	0.011329	0.495449	433.800446
08170	85.000000	162.960037	76.663948	0.063303	0.466983	466.664948
08171	84.000000	160.292191	61.713791	0.185460	0.407159	448.693054
08180	85.000000	181.910233	55.524948	0.279604	0.355748	461.316681
08181	86.000000	153.808929	47.944637	0.313483	0.343215	443.035492
08190	80.000000	174.775482	56.861427	0.271112	0.361702	457.293457
08191	81.000000	150.821274	43.375053	0.159386	0.418836	437.052551
08200	83.000000	172.517853	58.931286	0.227031	0.383200	453.390961
08201	84.000000	154.338638	41.322075	0.360537	0.319075	435.567963
08210	84.000000	170.733475	53.582146	0.276356	0.359767	455.324799
08211	79.000000	137.757233	53.214756	0.171803	0.414007	439.043457
08220	82.000000	164.195877	72.447510	0.005871	0.495459	460.814575
08221	79.000000	134.395508	56.583584	0.029207	0.485671	436.090759
08230	83.000000	167.321350	68.821869	0.201863	0.397468	464.304810
08231	110.000000	135.353348	51.370529	0.000024	0.500061	459.467377
08240	85.000000	179.779343	60.726967	0.287872	0.353552	461.983795
08241	83.000000	138.570236	51.074329	0.194034	0.403345	437.056854
08250	81.000000	161.666458	79.157944	0.076354	0.463506	461.352570
08251	83.000000	148.280426	47.966370	0.250415	0.374559	445.147827
08260	80.000000	175.256699	66.390450	0.205771	0.396468	455.125977
08261	84.000000	131.551697	54.664993	0.099569	0.450570	436.831757
08270	84.000000	201.364883	65.605995	0.155052	0.418451	477.360077
08271	86.000000	135.049652	49.673492	0.178425	0.410730	441.105957
08280	80.000000	160.000580	77.340736	0.089221	0.455240	460.768616
08281	78.000000	149.850723	45.253868	0.306329	0.346144	431.545532
08290	82.000000	143.956268	69.819221	0.000002	0.498941	453.832367
08291	74.000000	151.135025	41.647434	0.373458	0.312348	430.442444
08300	82.000000	171.169495	60.062923	0.184527	0.404333	456.540894
08301	83.000000	155.635117	43.008297	0.350335	0.324192	432.506256
08310	77.000000	184.216125	59.553123	0.315787	0.337916	456.473450
08311	86.000000	154.260483	48.942005	0.275126	0.361980	445.189331
08320	82.000000	132.406830	74.520538	0.057763	0.471588	452.962067
08321	80.000000	156.097458	39.775303	0.413022	0.291385	436.086945
08330	87.000000	144.673050	79.230270	0.043832	0.478388	463.084900
08331	84.000000	153.511673	45.492111	0.346324	0.327145	431.694672
08340	79.000000	175.117081	63.464809	0.295619	0.350859	456.548615
08341	82.000000	154.330521	41.542034	0.376897	0.310421	438.209503
08350	80.000000	176.385941	59.275318	0.262656	0.364503	460.602295
08351	84.000000	131.087982	55.073944	0.008841	0.495769	436.024872
08360	81.000000	169.279495	70.784523	0.131344	0.431801	466.808411
08361	84.000000	149.724792	38.513412	0.388519	0.305502	428.801758
08370	86.000000	193.672577	54.624371	0.066457	0.461848	480.008545
08371	84.000000	145.761703	41.449230	0.191659	0.403928	437.414093
09010	81.000000	173.457870	40.770832	0.181553	0.405872	451.168365
09011	84.000000	152.614655	54.725864	0.099436	0.450507	449.447784
09020	81.000000	155.915710	58.937275	0.092188	0.452060	456.021790
09021	81.000000	160.401840	46.075439	0.417807	0.291635	433.636536
09030	81.000000	173.874359	51.394844	0.192018	0.400575	457.210541
09031	84.000000	130.540512	70.897453	0.032064	0.487012	437.264130
09040	79.000000	180.933502	48.389847	0.234753	0.379054	455.577698
09041	80.000000	149.561829	59.134319	0.327442	0.336441	441.515137
09050	79.000000	172.805145	64.108948	0.118802	0.438467	456.068268
09051	81.000000	170.532822	44.929867	0.416777	0.291213	441.254395
09060	81.000000	183.931183	52.601410	0.186924	0.401217	458.771088
09061	81.000000	160.032700	45.415562	0.348809	0.325115	441.072327
09070	76.000000	159.024948	49.004948	0.161308	0.416491	447.237518
09071	77.000000	157.433304	45.643127	0.375250	0.312801	433.091003
09080	80.000000	194.640152	55.245110	0.256083	0.367835	464.038147
09081	80.000000	182.511673	48.434841	0.339595	0.329358	448.681213
09090	82.000000	168.322205	48.777737	0.191548	0.401093	451.326904
09091	86.000000	145.022141	39.547298	0.358604	0.317727	444.381927
09100	80.000000	173.391800	60.245602	0.153064	0.421510	459.063202
09101	82.000000	172.298492	43.292702	0.417365	0.290448	444.713837
09110	80.000000	180.018326	63.202179	0.165935	0.413914	463.039612
09111	86.000000	166.258286	46.103245	0.357050	0.321596	444.022644
09120	84.000000	183.705978	53.007046	0.175556	0.407914	459.639862
09121	83.000000	168.056625	43.443020	0.374040	0.311663	437.575836
09130	83.000000	173.799667	65.528450	0.156149	0.419912	459.310089
09131	83.000000	142.548126	36.152458	0.380932	0.309331	410.864288
09140	81.000000	178.131088	53.537876	0.192455	0.399272	455.895447
09141	84.000000	101.662308	128.664474	0.001525	0.520854	438.995850
09150	86.000000	178.777893	53.662437	0.182379	0.405119	460.403229
09151	81.000000	175.099442	49.505314	0.351325	0.325606	440.178650
09160	83.000000	234.072678	60.305439	0.106189	0.441852	497.522583
09161	80.000000	152.898788	50.596840	0.299311	0.350609	437.797333
09170	80.000000	174.738342	49.966572	0.269033	0.361641	452.317383
09171	80.000000	135.776413	39.291035	0.347668	0.325876	414.622803
09180	82.000000	166.693420	58.425217	0.121444	0.437513	455.431946
09181	82.000000	152.474457	53.658333	0.245226	0.377585	439.965118
09190	88.000000	178.518860	50.896690	0.207558	0.392112	461.222626
09191	85.000000	168.856964	45.428959	0.346824	0.324964	450.013489
09200	81.000000	174.755508	64.969208	0.150623	0.423873	459.173706
09201	82.000000	195.425232	49.279247	0.351887	0.324394	452.825195
09210	79.000000	164.897827	60.952671	0.193979	0.401850	449.834198
09211	84.000000	173.441986	41.589279	0.379990	0.309731	435.632690
09220	80.000000	175.030121	54.643520	0.275258	0.358635	454.157745
09221	85.000000	195.241425	52.452358	0.298001	0.349912	456.649780
09230	82.000000	178.810623	54.658257	0.188438	0.404357	454.890839
09231	79.000000	161.231049	54.268082	0.210642	0.395775	440.470367
09240	82.000000	184.131561	48.916805	0.307739	0.341387	455.698425
09241	86.000000	157.446548	50.898479	0.265962	0.368296	442.205170
09250	131.000000	151.337967	64.581131	0.000027	0.497773	500.742371
09251	79.000000	155.693436	51.434048	0.316746	0.342261	439.985992
09260	133.000000	178.382050	89.177422	0.000001	0.490224	523.411743
09261	82.000000	164.216522	47.972412	0.388267	0.306277	436.718689
09270	81.000000	179.442413	54.296429	0.191073	0.402322	455.086578
09271	80.000000	161.375458	52.613873	0.331616	0.334529	445.429474
09280	82.000000	158.314468	76.274330	0.078463	0.461820	456.007812
09281	80.000000	164.367630	50.325779	0.429065	0.285234	439.168213
09290	130.000000	164.118652	65.207191	0.119203	0.440096	499.055176
09291	79.000000	178.406952	37.739639	0.431375	0.282369	439.728271
09300	82.000000	182.083832	64.996078	0.173697	0.411811	460.858124
09301	78.000000	137.608063	68.382698	0.153342	0.426021	440.388367
09310	130.000000	159.182663	65.504868	0.100166	0.447161	510.908813
09311	82.000000	169.068817	45.572098	0.406456	0.295696	444.953857
09320	80.000000	143.006744	72.514000	0.000001	0.498313	456.106995
09321	80.000000	171.888397	45.415413	0.395046	0.302475	441.772461
09330	81.000000	143.960098	59.250923	0.054855	0.469720	452.381317
09331	107.000000	172.076462	45.382660	0.346278	0.325065	470.944031
09340	81.000000	165.731644	45.017433	0.233122	0.380057	447.215729
09341	82.000000	162.334473	46.800407	0.385307	0.307654	442.532593
09350	81.000000	180.819748	51.453060	0.290125	0.352311	458.290192
09351	79.000000	159.582581	54.792923	0.334420	0.333582	439.202087
09360	108.000000	290.509766	119.013664	0.000000	0.436469	511.436554
09361	85.000000	154.937057	48.191521	0.357294	0.322164	437.768280
09370	85.000000	162.120224	47.150806	0.124747	0.434810	455.989716
09371	83.000000	168.011276	48.349773	0.200452	0.401804	445.039276
10010	81.000000	180.727432	40.758228	0.161955	0.414195	450.919037
10011	81.000000	162.500839	50.043865	0.190209	0.405767	446.329468
10020	86.000000	173.517395	65.450851	0.099881	0.448941	468.004639
10021	86.000000	145.085068	58.881031	0.124811	0.438094	449.873138
10030	79.000000	177.568283	69.772354	0.064924	0.466502	459.637695
10031	82.000000	162.017700	46.670326	0.341683	0.329063	437.810394
10040	79.000000	165.072693	64.321259	0.098945	0.448564	453.963593
10041	79.000000	155.618622	55.606236	0.289040	0.356763	439.992493
10050	83.000000	193.345505	66.276550	0.241158	0.377128	466.968781
10051	79.000000	143.779938	58.328644	0.214741	0.394255	440.441193
10060	84.000000	162.623581	73.040848	0.000000	0.497346	466.482666
10061	82.000000	166.834320	51.738873	0.349769	0.324782	448.756561
10070	83.000000	175.304749	70.668808	0.066893	0.465556	465.385986
10071	83.000000	161.502151	54.707157	0.271119	0.364752	444.770447
10080	82.000000	188.796799	70.925018	0.129769	0.433179	471.537048
10081	83.000000	155.558105	56.943604	0.221589	0.389627	446.056000
10090	136.000000	194.429474	52.332283	0.368347	0.312032	506.052795
10091	87.000000	167.009659	49.528408	0.300160	0.348225	450.248383
10100	83.000000	157.197769	73.674561	0.041732	0.477275	461.775940
10101	81.000000	164.053238	59.487087	0.254017	0.373961	444.991821
10110	89.000000	171.992386	75.612053	0.010038	0.492587	473.896423
10111	81.000000	164.504028	51.887497	0.261277	0.369564	442.256714
10120	83.000000	187.660004	70.966774	0.070614	0.459429	474.954712
10121	87.000000	130.465805	69.902115	0.027227	0.487960	442.342285
10130	84.000000	163.390686	57.099354	0.145679	0.425231	458.265472
10131	80.000000	167.670013	52.974354	0.302775	0.349426	443.851288
10140	80.000000	200.791534	62.297935	0.211369	0.392380	466.987396
10141	77.000000	152.109634	56.510010	0.267802	0.367386	435.523773
10150	85.000000	183.032501	61.598919	0.198063	0.397400	464.900360
10151	87.000000	131.823441	53.774036	0.000001	0.500251	440.768158
10160	77.000000	176.616898	62.089745	0.176405	0.408770	459.607025
10161	83.000000	174.102173	44.967350	0.412650	0.292174	449.253052
10170	82.000000	180.048370	51.937126	0.212718	0.390310	455.643097
10171	81.000000	167.893967	48.995113	0.322626	0.339093	441.976898
10180	84.000000	175.961548	65.537781	0.104808	0.444156	465.548981
10181	81.000000	170.169998	45.310207	0.366976	0.315353	441.862946
10190	82.000000	169.109573	67.271431	0.007910	0.492988	463.183563
10191	84.000000	157.298752	45.908302	0.329501	0.333686	444.823578
10200	84.000000	202.755234	58.644032	0.281963	0.355172	467.028595
10201	84.000000	165.834290	51.309589	0.312402	0.344504	447.001160
10210	84.000000	169.348984	76.800522	0.000000	0.498571	468.888550
10211	81.000000	152.711990	45.053234	0.376951	0.311196	433.745911
10220	86.000000	185.789734	69.745583	0.198542	0.399114	470.490479
10221	80.000000	171.333267	46.804802	0.352289	0.323321	442.515045
10230	89.000000	203.210999	73.696877	0.142616	0.427555	483.811188
10231	79.000000	157.821106	48.365559	0.326165	0.336161	439.426819
10240	81.000000	177.101349	80.547867	0.052240	0.475291	469.002686
10241	83.000000	173.409622	43.473083	0.335860	0.331694	445.472870
10250	107.000000	199.112778	65.602150	0.154819	0.417617	489.207062
10251	78.000000	172.723587	45.781429	0.360396	0.319795	441.786530
10260	83.000000	195.694748	62.177418	0.231849	0.381825	467.167572
10261	82.000000	180.343231	49.951534	0.309856	0.344970	451.770233
10270	85.000000	176.230621	57.751068	0.205947	0.393942	462.620605
10271	86.000000	165.487335	52.045956	0.326438	0.337362	448.893890
10280	84.000000	204.282440	75.349007	0.148596	0.424594	487.862885
10281	84.000000	168.609344	56.659325	0.296939	0.352162	450.033936
10290	81.000000	174.540558	60.183437	0.000000	0.495081	459.667664
10291	80.000000	168.202179	48.412418	0.356736	0.322020	441.006897
10300	84.000000	192.004974	66.597183	0.170304	0.410976	473.114258
10301	84.000000	160.255875	51.167255	0.358963	0.320669	440.675720
10310	84.000000	185.646881	53.378345	0.285030	0.352211	460.294037
10311	84.000000	156.959106	58.599922	0.294515	0.352795	449.350647
10320	88.000000	192.487152	67.326942	0.174071	0.409037	476.351288
10321	84.000000	165.451660	55.086990	0.271258	0.364605	449.434113
10330	84.000000	160.374344	66.812782	0.000000	0.497020	461.182800
10331	79.000000	175.130905	45.229195	0.433776	0.282687	443.010315
10340	82.000000	192.259827	72.945953	0.115908	0.440719	472.736145
10341	77.000000	153.306854	54.199493	0.260428	0.371177	433.050354
10350	86.000000	147.759415	79.174660	0.003535	0.498789	464.033234
10351	83.000000	162.944260	44.469681	0.380622	0.308563	444.550903
10360	79.000000	165.509323	73.205925	0.090544	0.456712	456.261108
10361	79.000000	170.230545	54.645309	0.292564	0.355218	444.584412
10370	107.000000	188.006439	39.634670	0.192943	0.398286	478.983490
10371	80.000000	166.232864	40.548740	0.282023	0.358235	435.677734
11010	82.000000	163.273422	55.087204	0.116160	0.440935	451.879761
11011	85.000000	149.963654	57.532635	0.002047	0.500076	451.715515
11020	78.000000	182.733490	53.983757	0.273183	0.360310	455.243744
11021	81.000000	171.801346	50.675949	0.412606	0.293177	447.860046
11030	83.000000	213.656433	59.765800	0.196030	0.396431	480.524719
11031	81.000000	145.615753	66.110123	0.151218	0.425488	444.464264
11040	83.000000	169.196213	54.343987	0.198448	0.396656	459.760651
11041	81.000000	155.793137	50.828152	0.278930	0.360045	445.282074
11050	84.000000	181.792130	61.239021	0.217061	0.388712	464.503723
11051	83.000000	165.317688	52.112450	0.359977	0.319245	452.828522
11060	82.000000	170.468536	51.399914	0.226575	0.383256	454.990906
11061	80.000000	149.495926	53.491749	0.223541	0.387837	446.972992
11070	81.000000	210.006317	69.888695	0.168613	0.414012	484.394043
11071	86.000000	147.647430	53.911724	0.000000	0.498576	451.318878
11080	84.000000	172.813202	61.204586	0.124192	0.434720	460.593536
11081	81.000000	167.291489	61.353004	0.245676	0.377206	453.444855
11090	84.000000	167.728973	68.301811	0.000001	0.495581	468.458862
11091	79.000000	183.100388	58.513554	0.357872	0.318608	453.739685
11100	83.000000	182.233093	54.804947	0.276102	0.357531	459.412659
11101	81.000000	164.237900	61.189281	0.318901	0.340971	448.544342
11110	81.000000	180.504669	57.261612	0.208818	0.391944	459.869568
11111	83.000000	162.658539	56.521801	0.226207	0.386965	450.973755
11120	84.000000	175.888214	75.542549	0.021800	0.487359	472.784698
11121	82.000000	164.922943	60.368462	0.234680	0.383046	453.496918
11130	79.000000	157.124634	69.170166	0.000001	0.496797	457.385437
11131	83.000000	166.230942	50.071693	0.380163	0.309640	445.748230
11140	83.000000	171.626511	70.607521	0.142315	0.427322	463.334564
11141	81.000000	158.905975	58.831310	0.286333	0.357065	448.063873
11150	80.000000	214.303757	69.671074	0.181250	0.407982	484.641663
11151	81.000000	164.767029	52.849659	0.311014	0.344429	447.841675
11160	82.000000	180.072617	70.702812	0.139373	0.429692	465.204163
11161	89.000000	170.053818	46.735001	0.365096	0.317107	453.071869
11170	80.000000	185.513870	64.581360	0.191911	0.400349	464.244202
11171	83.000000	168.001297	56.903225	0.267068	0.366950	451.631378
11180	80.000000	212.704056	78.256653	0.121534	0.439196	488.572815
11181	83.000000	166.069870	49.601540	0.358174	0.320057	450.491272
11190	83.000000	181.783279	69.260506	0.138404	0.429143	466.973328
11191	87.000000	171.134842	55.330753	0.348882	0.324679	452.291565
11200	86.000000	177.543167	58.491291	0.235212	0.379433	465.414124
11201	87.000000	157.957581	55.468273	0.268093	0.366308	450.733063
11210	81.000000	167.683182	72.320045	0.068639	0.464299	464.283051
11211	84.000000	166.405502	54.157909	0.326361	0.336254	451.939087
11220	82.000000	176.268250	71.385620	0.037895	0.479343	467.464081
11221	79.000000	165.073669	61.752216	0.250734	0.374658	450.526917
11230	84.000000	176.817703	68.087135	0.177051	0.410715	465.050659
11231	81.000000	165.176788	49.920479	0.336346	0.332023	445.582794
11240	87.000000	175.038605	61.743221	0.201624	0.395103	462.267303
11241	86.000000	154.643021	64.739388	0.166049	0.417974	455.307953
11250	108.000000	190.490250	59.354218	0.205094	0.394302	479.375366
11251	83.000000	171.297989	45.010014	0.399512	0.299391	446.449127
11260	79.000000	172.893097	68.521461	0.128220	0.434228	459.650665
11261	81.000000	165.991348	47.643543	0.371457	0.313513	445.480225
11270	108.000000	170.892731	71.398178	0.144671	0.426334	483.927704
11271	82.000000	153.365524	55.372108	0.235359	0.382300	448.281616
11280	90.000000	166.729797	69.211807	0.040629	0.476962	468.700928
11281	79.000000	158.735977	59.778873	0.312656	0.343597	448.681793
11290	102.000000	166.991089	71.978798	0.000000	0.495428	481.889496
11291	73.000000	183.818375	50.667793	0.403855	0.298244	444.763336
11300	96.000000	165.670227	67.820656	0.161920	0.418211	469.027863
11301	81.000000	158.228485	58.942043	0.218048	0.391565	448.047424
11310	105.000000	164.917770	65.040833	0.094976	0.449748	481.107758
11311	84.000000	151.206512	50.398457	0.247267	0.375008	446.851654
11320	106.000000	177.904205	68.671730	0.175104	0.409683	483.260956
11321	86.000000	156.758316	47.284168	0.404954	0.296307	449.126556
11330	81.000000	161.956116	74.435028	0.000000	0.497435	467.626251
11331	85.000000	158.974930	64.564888	0.172157	0.415112	453.009094
11340	81.000000	172.473709	66.832291	0.118141	0.438872	461.449432
11341	84.000000	162.182587	57.496254	0.283554	0.358447	449.596039
11350	107.000000	171.769791	64.086723	0.000000	0.495053	483.501801
11351	82.000000	159.918427	51.850990	0.322123	0.338741	446.779297
11360	90.000000	181.631668	57.182304	0.195938	0.399449	467.896973
11361	82.000000	152.417267	52.131035	0.309823	0.345379	442.466217
11370	84.000000	163.885117	52.461853	0.102263	0.447049	460.130676
11371	83.000000	155.224716	47.022800	0.166265	0.417449	440.310425
