00010	87.000000	179.819519	50.131573	0.091269	0.453015	457.274139
00011	82.000000	173.993210	36.611198	0.272252	0.359908	452.005249
00020	85.000000	197.311356	66.762497	0.116466	0.441118	472.068909
00021	79.000000	210.625092	44.431309	0.393753	0.299531	461.571228
00030	87.000000	204.291962	60.001190	0.152555	0.419862	471.568085
00031	86.000000	232.217545	51.988556	0.357403	0.319332	485.672485
00040	81.000000	177.120972	73.666634	0.000002	0.498687	473.716431
00041	82.000000	220.898148	54.222744	0.308625	0.343114	473.176758
00050	83.000000	213.586548	78.742584	0.063973	0.469789	483.839874
00051	83.000000	165.109818	60.521355	0.194681	0.403011	452.259155
00060	81.000000	177.915344	62.254627	0.100023	0.448294	458.209564
00061	81.000000	187.725006	46.655922	0.396716	0.299969	454.140778
00070	79.000000	198.171768	60.428196	0.180537	0.407621	465.324188
00071	83.000000	189.533569	55.972752	0.262026	0.369170	459.273071
00080	84.000000	192.793655	56.796997	0.163670	0.415562	465.428253
00081	89.000000	209.569656	50.581333	0.310297	0.343123	468.251648
00090	82.000000	221.553833	73.339279	0.135915	0.431623	493.048920
00091	81.000000	190.724411	59.462177	0.222666	0.386160	463.128540
00100	82.000000	221.650070	66.355965	0.146359	0.424975	486.031952
00101	82.000000	212.632736	49.866302	0.317636	0.337998	467.561920
00110	86.000000	1040.894043	56.430779	0.537369	63375.089844	519.891357
00111	81.000000	204.389954	60.170292	0.219985	0.390612	463.233246
00120	82.000000	209.504272	58.553165	0.241161	0.376394	472.605103
00121	80.000000	207.119614	53.016605	0.284415	0.356512	461.592133
00130	83.000000	195.416061	67.657990	0.120064	0.440025	467.364197
00131	86.000000	984.515869	36.665714	0.612136	63316.097656	510.387512
00140	80.000000	203.495468	63.356236	0.213372	0.391076	469.021790
00141	82.000000	173.611557	44.748055	0.360410	0.316162	453.335754
00150	76.000000	192.545044	53.687096	0.234303	0.379235	456.486572
00151	81.000000	193.806839	60.761444	0.171565	0.413296	461.878998
00160	84.000000	204.504898	53.590324	0.259727	0.366727	468.210693
00161	79.000000	197.698807	52.041924	0.317810	0.340057	458.001312
00170	82.000000	191.627914	60.418449	0.215138	0.390437	462.896729
00171	85.000000	210.091629	63.803684	0.214615	0.391773	474.406677
00180	85.000000	214.650909	74.487099	0.075327	0.461808	489.394562
00181	83.000000	205.599243	59.630348	0.191584	0.404581	466.487061
00190	84.000000	185.683487	58.489372	0.185889	0.405678	460.517944
00191	80.000000	188.449722	64.530273	0.184067	0.407136	463.258850
00200	77.000000	214.121063	65.597496	0.212421	0.392418	475.400391
00201	77.000000	174.560867	52.501610	0.347283	0.325192	446.357697
00210	88.000000	195.100189	63.964161	0.130108	0.434067	469.686096
00211	82.000000	191.036896	44.056564	0.348407	0.323635	453.245728
00220	82.000000	186.756104	69.614006	0.103234	0.447281	468.749756
00221	83.000000	188.936157	54.535095	0.297710	0.349947	459.439636
00230	88.000000	197.689392	65.369003	0.155943	0.420992	472.005157
00231	81.000000	183.950623	44.526463	0.346044	0.324840	452.016418
00240	83.000000	200.088776	66.989937	0.175753	0.411851	471.890076
00241	79.000000	202.737610	46.008495	0.388833	0.303430	456.189941
00250	84.000000	188.841690	61.556725	0.212162	0.391382	465.551727
00251	80.000000	209.276260	76.147942	0.201050	0.401700	479.289307
00260	85.000000	213.809845	75.087036	0.142102	0.429457	490.343628
00261	85.000000	217.705322	49.468895	0.367160	0.312805	467.111816
00270	83.000000	182.369400	53.237331	0.281258	0.356291	460.401062
00271	82.000000	200.426483	46.226517	0.325168	0.335565	455.752167
00280	85.000000	167.893204	67.896324	0.062319	0.468502	461.026978
00281	83.000000	184.770142	49.629139	0.345582	0.326197	454.230072
00290	87.000000	207.542419	69.556091	0.164617	0.416347	477.454651
00291	86.000000	3049.420654	964.810425	0.000270	157.341370	492.988678
00300	80.000000	207.292130	60.696236	0.241537	0.379241	470.247345
00301	77.000000	222.194000	53.428497	0.355056	0.318333	473.002533
00310	131.000000	196.498291	50.894688	0.290468	0.350357	504.860382
00311	81.000000	194.034058	44.863808	0.361859	0.316060	453.695557
00320	83.000000	211.276855	70.346100	0.232156	0.382714	484.494080
00321	84.000000	192.830460	46.102432	0.342187	0.325337	459.382141
00330	80.000000	191.813309	65.146439	0.124616	0.436330	466.126923
00331	83.000000	142.294662	44.223324	0.446290	0.275669	437.991760
00340	82.000000	197.993484	51.118477	0.289055	0.351736	462.493744
00341	86.000000	223.079636	61.137985	0.228181	0.383358	483.220367
00350	83.000000	186.125870	63.268417	0.000000	0.494596	467.250031
00351	79.000000	210.190948	38.708481	0.448132	0.271944	455.201721
00360	83.000000	196.647507	53.610298	0.260999	0.367776	460.351654
00361	85.000000	209.068100	44.635986	0.323370	0.336089	462.892883
00370	80.000000	188.306519	49.581123	0.065230	0.466122	457.597473
00371	80.000000	241.250183	54.835804	0.247826	0.375958	486.704285
01010	81.000000	214.457947	57.692616	0.141715	0.426259	483.620575
01011	82.000000	201.865051	47.262516	0.166738	0.415250	455.836761
01020	83.000000	243.686432	66.514908	0.222357	0.389262	493.341736
01021	81.000000	208.156479	56.868435	0.247141	0.377305	460.024139
01030	83.000000	202.475357	65.689735	0.182711	0.405855	472.016296
01031	81.000000	181.371292	43.290775	0.303065	0.347830	445.231903
01040	82.000000	200.262451	67.996964	0.168792	0.412804	474.555389
01041	83.000000	202.168015	92.609985	0.021073	0.496864	484.838837
01050	81.000000	194.957443	87.293190	0.055712	0.473310	479.158051
01051	83.000000	188.315369	42.357670	0.324043	0.336124	448.465912
01060	87.000000	221.205887	67.091858	0.156871	0.415536	482.324463
01061	82.000000	175.392914	114.636299	0.011597	0.512732	467.163116
01070	79.000000	214.678192	69.183136	0.243757	0.377099	474.470032
01071	83.000000	189.798813	64.602180	0.174079	0.414022	462.546814
01080	88.000000	183.013977	77.891327	0.012846	0.494665	474.350037
01081	82.000000	185.475784	64.352631	0.119714	0.441473	458.498871
01090	81.000000	196.257217	74.110374	0.137841	0.427231	473.872742
01091	86.000000	194.572083	53.303074	0.303115	0.346322	461.480011
01100	82.000000	195.822617	62.360569	0.153398	0.418125	467.780426
01101	91.000000	212.324768	57.883152	0.316940	0.339792	473.952850
01110	79.000000	197.503220	85.329300	0.028631	0.485382	487.417938
01111	85.000000	176.312973	56.396744	0.162257	0.418679	453.100677
01120	78.000000	194.759613	71.918457	0.094844	0.449912	473.801025
01121	82.000000	191.065445	50.602745	0.249795	0.371943	455.229767
01130	85.000000	191.316483	79.603447	0.088266	0.457805	473.474823
01131	79.000000	190.093521	48.025589	0.300391	0.347401	453.345612
01140	81.000000	225.466690	55.460224	0.279601	0.354944	480.881531
01141	78.000000	206.002121	65.855652	0.176680	0.413028	467.103516
01150	80.000000	219.149765	74.795403	0.200738	0.396380	486.315674
01151	81.000000	167.853500	55.027100	0.147898	0.426018	451.021881
01160	81.000000	215.231506	60.209534	0.242889	0.374334	471.677917
01161	81.000000	201.505447	59.095245	0.233101	0.382437	459.754150
01170	85.000000	191.004395	71.461067	0.083320	0.455034	470.172821
01171	84.000000	182.739197	43.919788	0.297571	0.349585	449.834015
01180	82.000000	213.192551	74.425667	0.181891	0.406384	489.117676
01181	81.000000	151.347687	29.839558	0.548940	0.222845	432.743958
01190	80.000000	189.009872	69.773605	0.148030	0.422337	469.024475
01191	80.000000	212.703720	46.651577	0.339796	0.326889	460.463928
01200	81.000000	186.401489	74.623260	0.000000	0.496881	478.462830
01201	79.000000	213.612106	47.795601	0.344301	0.324844	460.734253
01210	81.000000	204.826920	65.843239	0.203225	0.394638	469.296143
01211	78.000000	208.911896	53.702797	0.307467	0.345981	461.439545
01220	83.000000	201.732162	66.917572	0.182977	0.407371	467.972900
01221	83.000000	185.862015	48.755035	0.291608	0.352297	453.004425
01230	83.000000	212.034561	64.043213	0.240258	0.378821	469.844391
01231	83.000000	169.980759	54.893772	0.226221	0.386484	451.581635
01240	88.000000	183.838760	74.740273	0.000000	0.497053	481.640442
01241	83.000000	200.797134	51.888786	0.324827	0.335242	461.720886
01250	80.000000	196.878677	61.438660	0.236956	0.377762	467.311249
01251	81.000000	191.003006	57.236332	0.221815	0.389468	455.715515
01260	76.000000	196.610504	62.842457	0.212898	0.388954	465.334290
01261	80.000000	213.475540	49.161163	0.329382	0.332061	461.857971
01270	84.000000	194.187836	62.345089	0.238582	0.377988	466.316254
01271	84.000000	203.170547	56.724899	0.274564	0.362297	463.913483
01280	87.000000	175.618942	74.230698	0.000000	0.498759	471.298523
01281	83.000000	166.364944	63.055027	0.148053	0.426178	453.531830
01290	83.000000	199.823669	55.864761	0.286747	0.351009	464.902161
01291	79.000000	197.777969	44.511314	0.307251	0.344274	454.549652
01300	82.000000	222.075104	84.861755	0.097913	0.452281	499.459106
01301	79.000000	192.754166	42.119827	0.335914	0.330031	448.953064
01310	87.000000	204.512634	81.479370	0.018641	0.488881	491.434479
01311	83.000000	194.848785	59.535881	0.212777	0.392867	461.326843
01320	85.000000	201.681870	68.144722	0.239236	0.378664	476.128906
01321	81.000000	199.727356	62.640335	0.222445	0.388264	459.508453
01330	78.000000	184.819839	86.311256	0.021747	0.491416	470.906647
01331	80.000000	176.107208	43.265808	0.280714	0.359020	442.190552
01340	82.000000	188.268646	65.198502	0.062206	0.463976	470.271545
01341	83.000000	193.524872	47.302338	0.298881	0.349598	455.908020
01350	80.000000	193.399139	68.536926	0.197827	0.399587	467.080536
01351	82.000000	152.982132	65.063965	0.000000	0.500388	451.209137
01360	81.000000	215.292557	64.670609	0.124966	0.433057	484.645142
01361	83.000000	192.436127	47.278255	0.290340	0.353542	456.007660
01370	79.000000	192.486832	51.418900	0.147556	0.423494	462.653381
01371	86.000000	175.393265	49.200497	0.146936	0.427560	453.309326
02010	83.000000	196.180267	53.565224	0.180768	0.407033	475.485321
02011	85.000000	113.630211	36.305931	0.000001	0.498185	464.476471
02020	82.000000	168.022797	71.309723	0.025488	0.487513	460.188904
02021	85.000000	178.483612	57.506153	0.177689	0.411769	453.588837
02030	83.000000	179.394714	64.400902	0.228086	0.383802	464.645721
02031	82.000000	164.051758	56.746433	0.108839	0.446218	447.914917
02040	84.000000	237.328903	87.187508	0.110267	0.447069	528.753540
02041	80.000000	197.509537	52.603313	0.289659	0.354394	453.155090
02050	87.000000	164.375992	72.194893	0.183418	0.408076	464.031219
02051	81.000000	140.466156	50.930313	0.095174	0.452188	437.078766
02060	81.000000	189.004288	68.512985	0.239497	0.379108	462.933228
02061	79.000000	173.358185	45.845787	0.260842	0.367378	447.227356
02070	82.000000	192.526962	81.182770	0.117723	0.440518	474.602539
02071	78.000000	180.895248	59.681278	0.224305	0.386857	455.314758
02080	87.000000	214.187256	73.811356	0.111542	0.439655	486.179596
02081	90.000000	193.417435	61.850914	0.110295	0.445780	464.669128
02090	84.000000	156.805038	84.163101	0.054928	0.472080	464.898193
02091	84.000000	188.355026	48.412346	0.278067	0.356668	456.056458
02100	79.000000	185.613297	69.352745	0.213304	0.390024	472.193634
02101	85.000000	175.907715	60.910450	0.158218	0.420239	455.325409
02110	81.000000	185.620102	79.206688	0.000000	0.498065	477.334595
02111	83.000000	194.632996	50.132915	0.262973	0.365480	454.587067
02120	87.000000	233.093430	91.888702	0.066734	0.466135	510.633057
02121	82.000000	199.953217	61.665909	0.117537	0.441565	462.379150
02130	86.000000	189.214890	61.483459	0.276712	0.357106	469.321869
02131	82.000000	185.847015	45.018444	0.287758	0.354492	449.088104
02140	85.000000	181.506775	71.036179	0.000000	0.492215	475.653046
02141	78.000000	192.488007	56.719398	0.226844	0.385530	457.012817
02150	83.000000	183.383453	65.344490	0.159405	0.418784	460.308411
02151	79.000000	181.605942	51.754871	0.260420	0.369096	448.263245
02160	84.000000	233.158981	89.968292	0.139819	0.429766	508.012756
02161	80.000000	211.142776	62.760170	0.162625	0.418352	468.746277
02170	84.000000	161.603104	90.239464	0.000017	0.502648	465.576569
02171	82.000000	158.239517	51.128944	0.159096	0.420547	445.188141
02180	83.000000	181.287659	67.511040	0.180538	0.407611	464.647278
02181	79.000000	189.967178	42.374172	0.331836	0.331981	448.849670
02190	81.000000	180.985367	72.327454	0.163395	0.417484	465.071869
02191	80.000000	172.913574	52.865242	0.158681	0.420564	447.990784
02200	79.000000	204.737762	77.392761	0.142729	0.423589	472.408539
02201	84.000000	183.812805	61.692047	0.129346	0.435954	456.783508
02210	79.000000	194.080505	86.450432	0.069275	0.466329	478.321014
02211	85.000000	182.516876	48.483513	0.217521	0.389025	453.463501
02220	81.000000	180.181000	83.692123	0.000000	0.498158	475.597534
02221	83.000000	200.952728	49.577713	0.284076	0.354795	458.033661
02230	81.000000	234.070892	77.311783	0.143194	0.426955	499.209503
02231	80.000000	186.488708	44.762058	0.270939	0.363463	447.669281
02240	87.000000	192.623444	72.881180	0.110240	0.443331	472.331696
02241	83.000000	183.405548	59.310379	0.150501	0.424430	456.615112
02250	84.000000	197.503433	70.040985	0.092901	0.448910	478.096649
02251	83.000000	184.472382	53.723747	0.218948	0.389993	454.385406
02260	86.000000	184.465942	74.973289	0.154221	0.422923	468.563416
02261	88.000000	196.089539	53.773594	0.280574	0.357763	464.399994
02270	83.000000	183.569702	80.420433	0.034006	0.483532	465.504669
02271	81.000000	177.626984	59.251991	0.179057	0.410860	449.449921
02280	81.000000	231.045502	67.631180	0.214903	0.389194	490.424286
02281	78.000000	181.802139	45.920517	0.293033	0.351193	443.939911
02290	83.000000	200.878464	63.843536	0.202819	0.394325	470.354248
02291	82.000000	184.170547	49.589935	0.278148	0.357726	453.724670
02300	83.000000	143.658157	118.001152	0.000001	0.508449	463.117584
02301	85.000000	156.665939	57.683105	0.169534	0.415749	450.197449
02310	85.000000	162.341904	62.684418	0.027698	0.483431	456.349457
02311	82.000000	198.987671	51.716270	0.238342	0.380370	454.647369
02321	88.000000	184.799362	55.186905	0.208748	0.393236	462.313904
02330	81.000000	190.243820	77.398560	0.001124	0.494864	477.816345
02331	80.000000	107.038887	45.468254	0.097797	0.450688	424.333984
02340	84.000000	107.109634	104.531746	0.000002	0.499296	465.029205
02341	84.000000	197.019440	61.878105	0.047435	0.476537	470.242859
02350	80.000000	170.210709	56.523449	0.235743	0.378670	459.282349
02351	81.000000	673.433472	132.043091	0.030937	2.181011	544.489319
02360	83.000000	182.832581	79.055870	0.035798	0.484371	470.580841
02370	87.000000	195.530167	45.237251	0.151063	0.421272	470.550262
02371	80.000000	184.182877	30.981138	0.005347	0.498494	381.852966
03010	78.000000	208.432724	42.347729	0.160201	0.412758	471.077148
03011	81.000000	186.327332	37.259579	0.183479	0.407623	445.987518
03020	83.000000	195.789047	49.364143	0.089143	0.449213	462.389587
03021	81.000000	175.616379	55.213009	0.152532	0.425834	450.399506
03030	83.000000	190.725006	63.782413	0.171175	0.414132	468.340973
03031	81.000000	183.538101	50.774624	0.248935	0.377191	452.755829
03040	85.000000	191.968842	70.791756	0.008895	0.494843	476.572937
03041	133.000000	184.817429	41.599243	0.302450	0.347518	490.740356
03050	83.000000	196.415207	57.360928	0.242757	0.375106	471.467743
03051	85.000000	181.980499	52.316036	0.234664	0.383916	453.832642
03060	85.000000	199.768219	52.336681	0.162420	0.415561	461.227203
03061	82.000000	195.932220	45.238823	0.314223	0.343026	452.290344
03070	83.000000	193.623581	49.788376	0.227977	0.381372	462.152618
03071	82.000000	198.420761	39.385971	0.380508	0.308124	454.240723
03080	83.000000	198.407837	65.140503	0.080366	0.458015	466.686493
03081	86.000000	190.825043	59.667572	0.191428	0.405232	461.858307
03090	86.000000	189.804977	54.979404	0.188572	0.402021	464.892395
03091	80.000000	179.423035	48.987110	0.236732	0.381140	445.126465
03100	83.000000	188.962860	53.520000	0.163461	0.416770	463.286499
03101	87.000000	179.751984	55.468719	0.182982	0.408831	458.163635
03110	80.000000	198.004120	49.460064	0.331011	0.329744	457.546570
03111	80.000000	178.084991	56.984856	0.197315	0.402570	451.580292
03120	82.000000	1769.405884	328.249725	0.999871	0.142560	7531527.500000
03121	81.000000	181.152115	57.080570	0.109643	0.443789	455.744965
03130	86.000000	214.799500	63.578247	0.240053	0.377268	481.754913
03131	82.000000	192.874603	53.452843	0.269853	0.366488	455.631348
03140	83.000000	183.237976	52.923080	0.169801	0.411162	459.442291
03141	82.000000	193.177109	42.283241	0.297739	0.350301	448.430542
03150	83.000000	185.099426	55.099876	0.187866	0.404419	458.721832
03151	139.000000	204.763016	53.890125	0.286176	0.356011	502.437317
03160	84.000000	216.298203	64.748833	0.197029	0.396539	475.963562
03161	84.000000	196.992828	46.674477	0.305053	0.346263	452.786926
03170	81.000000	221.276123	53.204102	0.251842	0.369950	472.332458
03171	82.000000	193.466644	47.470352	0.288060	0.355778	453.776459
03180	85.000000	189.647156	72.567368	0.037361	0.482117	470.527374
03181	86.000000	180.632019	57.040470	0.218536	0.391946	457.273499
03190	85.000000	216.330109	59.437904	0.160100	0.415254	470.497406
03191	83.000000	180.472244	53.009155	0.172523	0.413934	449.259583
03200	85.000000	189.612534	58.256351	0.170363	0.412880	461.042175
03201	75.000000	200.962936	43.383121	0.315307	0.341128	447.153290
03210	81.000000	194.941589	60.522251	0.103545	0.447766	462.387054
03211	82.000000	188.387634	58.697582	0.145968	0.429327	456.269775
03220	77.000000	209.442703	52.858391	0.216236	0.387066	466.631012
03221	84.000000	187.920380	46.643379	0.269312	0.364458	451.457306
03230	85.000000	205.398239	65.618851	0.104284	0.445465	471.808044
03231	80.000000	198.035980	42.096394	0.344426	0.326947	453.387268
03240	83.000000	202.798218	59.101391	0.127824	0.434455	465.715088
03241	87.000000	191.079010	58.541813	0.225104	0.389689	458.059692
03250	80.000000	187.024002	72.829659	0.038436	0.482784	463.266815
03251	87.000000	199.426025	50.573990	0.244603	0.378010	454.706512
03260	85.000000	210.444473	60.010334	0.188117	0.402441	474.467529
03261	79.000000	200.600296	58.042366	0.227983	0.386327	459.963226
03270	83.000000	191.505585	63.743710	0.109729	0.444065	466.565063
03271	87.000000	185.492630	54.119965	0.102881	0.448022	459.447876
03280	85.000000	200.637222	66.633926	0.116161	0.440988	468.994751
03281	80.000000	187.289825	51.602436	0.258520	0.369409	451.292969
03290	78.000000	206.066422	56.315334	0.204085	0.393428	472.865082
03291	83.000000	198.375580	51.261417	0.285940	0.358128	454.938354
03300	83.000000	198.856277	74.914474	0.080408	0.458135	476.890045
03301	134.000000	208.686386	48.621700	0.332738	0.333021	498.996124
03310	85.000000	174.354904	70.220604	0.031479	0.483767	464.089478
03311	84.000000	193.654892	60.267746	0.225159	0.389029	463.268188
03320	80.000000	211.179153	79.562592	0.071824	0.465103	474.532867
03321	133.000000	203.877258	51.850235	0.321070	0.338521	492.759766
03330	84.000000	205.549545	70.026398	0.054533	0.469052	480.045654
03331	79.000000	211.226242	48.160782	0.323872	0.336239	457.282471
03340	85.000000	195.750961	63.992744	0.129750	0.432430	467.611755
03341	87.000000	191.436142	60.777203	0.185427	0.410114	458.111359
03350	80.000000	184.299362	60.052593	0.158415	0.420325	457.195557
03351	84.000000	192.855316	47.812649	0.291038	0.353689	457.000183
03360	82.000000	194.042084	55.629597	0.134596	0.431292	468.059753
03361	83.000000	192.432999	52.694553	0.218296	0.392225	458.300018
03370	82.000000	204.919601	37.667728	0.144739	0.422228	461.271454
03371	82.000000	194.284378	49.013649	0.142668	0.431018	458.875427
04010	78.000000	180.972473	41.508564	0.151260	0.419211	456.037781
04011	85.000000	188.850357	47.227833	0.161142	0.419076	456.175812
04020	83.000000	226.806870	62.005405	0.196836	0.396004	482.142090
04021	84.000000	176.076569	50.177887	0.168366	0.412916	456.690277
04030	83.000000	215.801682	67.088333	0.145577	0.422052	482.863922
04031	79.000000	193.897949	50.453007	0.257898	0.370542	453.063629
04040	81.000000	167.304581	51.303661	0.244247	0.374637	455.133179
04041	81.000000	180.750122	57.840496	0.150007	0.424682	454.986053
04050	82.000000	187.947968	65.955940	0.163750	0.415251	466.008392
04051	83.000000	196.695892	63.002594	0.167782	0.416138	465.604279
04060	78.000000	200.706833	72.175529	0.131695	0.431797	471.264191
04061	82.000000	189.015854	48.256115	0.279989	0.357790	451.964539
04070	74.000000	215.335236	60.582840	0.262206	0.361769	475.067841
04071	84.000000	156.935135	44.419491	0.272236	0.363634	436.409546
04080	85.000000	194.523392	66.147171	0.216027	0.387820	468.507324
04081	83.000000	205.891769	56.198284	0.207589	0.395258	465.164368
04090	82.000000	219.656815	62.449081	0.182487	0.401762	484.797363
04091	82.000000	196.674973	57.660503	0.147783	0.426641	459.779327
04100	84.000000	171.199219	67.153046	0.234464	0.381042	460.000946
04101	78.000000	183.955658	51.827148	0.216968	0.391181	450.501678
04110	80.000000	229.868759	74.698563	0.142572	0.425349	499.095612
04111	81.000000	201.384964	59.574100	0.210617	0.395144	460.660278
04120	80.000000	178.467606	55.998573	0.139040	0.426128	456.669891
04121	79.000000	189.649200	59.314133	0.156156	0.421060	455.602356
04130	80.000000	229.082642	69.801682	0.219847	0.384677	495.737976
04131	77.000000	206.930420	74.808907	0.166832	0.421923	467.265839
04140	83.000000	183.563507	64.236107	0.159276	0.417351	467.570801
04141	79.000000	182.202225	51.307438	0.238086	0.380276	451.542236
04150	88.000000	235.492416	70.049850	0.142072	0.422551	503.775635
04151	77.000000	234.709488	64.481720	0.187139	0.406338	490.798798
04160	79.000000	217.004974	69.728546	0.136437	0.424097	485.561646
04161	81.000000	188.383224	53.519100	0.228426	0.385707	453.981049
04170	79.000000	208.705399	73.667931	0.137328	0.427481	488.454193
04171	85.000000	204.777908	48.181072	0.302474	0.347350	459.113037
04180	87.000000	202.904724	63.373917	0.226553	0.381723	475.794037
04181	84.000000	203.036438	70.178589	0.126054	0.439844	469.325287
04190	81.000000	209.632523	76.448952	0.099680	0.446397	486.129120
04191	84.000000	190.024536	58.842010	0.219562	0.390149	457.836823
04200	84.000000	206.266495	60.125305	0.247688	0.371469	475.608246
04201	82.000000	186.857178	55.702023	0.201477	0.399588	456.889465
04210	80.000000	148.758759	44.447060	0.275544	0.359329	445.834900
04211	82.000000	195.744461	50.802303	0.276338	0.360845	455.118500
04220	81.000000	192.871246	58.620758	0.278786	0.356047	460.909393
04221	82.000000	207.234344	47.535564	0.278838	0.358521	459.127747
04230	78.000000	254.415741	72.593948	0.115474	0.434941	538.948975
04231	78.000000	178.189056	63.965576	0.143834	0.429569	452.894989
04240	79.000000	232.233887	60.971657	0.215074	0.382328	488.732147
04241	80.000000	201.839508	49.462284	0.302562	0.347635	454.924042
04250	79.000000	217.756332	70.118637	0.155068	0.417222	485.705444
04251	86.000000	182.139954	60.256042	0.145106	0.427983	458.596130
04260	81.000000	202.089340	80.314232	0.091454	0.451444	475.569794
04261	86.000000	171.594818	54.095715	0.174449	0.411679	455.948120
04270	85.000000	249.673706	69.754662	0.169241	0.407036	518.578491
04271	82.000000	174.916321	53.507313	0.223133	0.388181	453.704773
04280	81.000000	220.362076	81.541420	0.051221	0.470431	500.526398
04281	80.000000	203.570374	47.477348	0.311760	0.341446	455.283203
04290	79.000000	212.011932	71.516586	0.099837	0.446677	484.087830
04291	85.000000	194.922913	51.443855	0.264843	0.365937	457.509521
04300	83.000000	208.999588	73.306358	0.205478	0.393400	478.191467
04301	79.000000	199.404602	50.932877	0.284919	0.357008	455.883636
04310	82.000000	230.481003	80.634369	0.060362	0.465061	513.932007
04311	85.000000	184.331894	57.816765	0.165280	0.418393	456.403320
04320	82.000000	212.447678	80.252045	0.054357	0.468327	491.996887
04321	84.000000	207.569565	53.737606	0.207294	0.395399	462.684387
04330	80.000000	227.593231	65.915916	0.142209	0.423283	489.723328
04331	86.000000	166.509766	60.787441	0.000000	0.499370	455.144714
04340	81.000000	187.723145	57.558750	0.289832	0.351089	461.835724
04341	81.000000	194.094482	57.100739	0.215413	0.392885	457.957306
04350	84.000000	258.064331	86.471565	0.076580	0.459435	538.035034
04351	86.000000	184.716461	59.161472	0.169529	0.415580	458.233521
04360	84.000000	229.157623	76.888573	0.122044	0.432246	494.432129
04361	89.000000	188.412094	50.899540	0.241654	0.379065	454.978516
04370	76.000000	277.838440	54.799583	0.101424	0.443083	577.611572
04371	79.000000	197.882126	46.039024	0.162576	0.419841	453.789429
05010	83.000000	155.808136	53.539062	0.226965	0.385262	461.634277
05011	84.000000	202.719482	41.826668	0.263443	0.366687	458.644226
05020	82.000000	181.183121	67.335342	0.075751	0.461558	463.231018
05021	80.000000	185.013992	55.607155	0.153553	0.424865	451.592316
05030	84.000000	223.884613	60.907433	0.228887	0.381751	493.623627
05031	84.000000	181.285721	50.015251	0.254819	0.372560	453.348450
05040	83.000000	190.874161	56.088936	0.142265	0.423664	468.867126
05041	84.000000	181.740952	59.021957	0.175663	0.414847	454.666656
05050	77.000000	205.586853	62.526390	0.234563	0.379036	474.875519
05051	89.000000	157.179077	46.123947	0.187419	0.405812	449.109497
05060	82.000000	184.841919	59.247299	0.217703	0.387840	464.700409
05061	83.000000	178.898087	68.414925	0.094700	0.456401	457.879333
05070	77.000000	238.144409	79.247887	0.092266	0.452020	514.829163
05071	80.000000	199.556656	38.528259	0.395158	0.299752	453.308533
05080	86.000000	195.928528	66.619781	0.243088	0.376041	474.907227
05081	81.000000	178.021591	53.682648	0.230958	0.384801	451.701141
05090	84.000000	223.396667	71.550285	0.180448	0.405948	491.129242
05091	82.000000	171.237030	51.366982	0.264401	0.366819	449.146515
05100	85.000000	177.048279	71.554214	0.000000	0.498053	477.576569
05101	80.000000	198.917587	55.262459	0.244806	0.378305	459.617065
05110	80.000000	188.620483	63.894318	0.325933	0.334465	464.943054
05111	83.000000	138.668655	37.424339	0.283678	0.357753	432.721008
05120	84.000000	192.081558	64.314560	0.196338	0.399114	471.510406
05121	80.000000	193.052933	43.677414	0.259771	0.368313	452.457703
05130	86.000000	198.243851	87.958252	0.000000	0.501784	494.376251
05131	90.000000	175.558990	46.901615	0.289959	0.355749	449.910492
05140	82.000000	179.973969	64.245613	0.232540	0.381942	460.384644
05141	82.000000	198.569519	40.139473	0.363321	0.316148	453.704987
05150	85.000000	241.317490	79.612663	0.094310	0.452382	514.934082
05151	87.000000	181.492325	49.237694	0.290100	0.355353	456.594543
05160	80.000000	160.542099	65.669113	0.262582	0.367457	457.578857
05161	86.000000	202.625351	44.959118	0.302780	0.347835	459.914215
05170	79.000000	198.116074	78.839813	0.057597	0.470786	482.551331
05171	84.000000	172.657822	53.462425	0.218729	0.390710	451.758392
05180	84.000000	227.973450	72.720940	0.120647	0.436728	496.637268
05181	82.000000	163.927002	54.818027	0.106984	0.447232	449.201263
05190	84.000000	173.847702	69.126175	0.047291	0.474967	466.628265
05191	86.000000	185.691895	51.531990	0.255703	0.372174	456.697601
05200	82.000000	172.241821	67.695915	0.193583	0.403624	460.398682
05201	87.000000	179.650162	56.297291	0.195814	0.402953	456.602081
05210	82.000000	220.268555	58.470776	0.235137	0.376509	483.475433
05211	82.000000	179.885651	40.855747	0.332485	0.332558	445.283813
05220	81.000000	143.861923	68.093246	0.040610	0.477797	457.550201
05221	82.000000	180.474258	59.523781	0.146185	0.428628	455.656128
05230	88.000000	170.336807	73.077423	0.139108	0.430247	469.931793
05231	84.000000	172.049484	53.669559	0.156335	0.423059	451.577728
05240	81.000000	157.552704	67.142738	0.202258	0.398616	456.250793
05241	86.000000	195.985077	49.283810	0.290673	0.354628	457.829254
05250	78.000000	222.795135	78.946754	0.112334	0.443548	501.062866
05251	83.000000	174.820007	51.967640	0.214025	0.393656	451.827026
05260	82.000000	162.718307	59.128712	0.262578	0.367998	453.947235
05261	80.000000	199.136642	41.122059	0.366713	0.315563	450.910706
05270	86.000000	160.752747	67.222038	0.000000	0.497311	465.240784
05271	82.000000	180.461197	48.476589	0.274491	0.362866	452.198792
05280	83.000000	188.061813	68.248383	0.000000	0.491594	476.194000
05281	81.000000	161.618256	56.624569	0.046714	0.476312	449.506470
05290	85.000000	243.003586	91.392952	0.046847	0.479282	533.122192
05291	86.000000	151.980576	36.136600	0.268344	0.365564	433.332397
05300	81.000000	166.813599	51.751080	0.365388	0.315014	453.910614
05301	77.000000	169.658447	58.584644	0.217924	0.391970	449.592346
05310	84.000000	189.564133	60.968143	0.278265	0.357715	467.721344
05311	82.000000	191.217148	52.239853	0.232455	0.384948	454.179871
05320	77.000000	168.772461	65.205742	0.244394	0.376062	455.482361
05321	81.000000	189.164215	56.863518	0.167304	0.415950	457.801605
05330	81.000000	203.775406	67.991280	0.264057	0.365897	479.104736
05331	83.000000	181.868546	53.412174	0.273470	0.364515	451.865997
05340	85.000000	156.397964	55.102047	0.342089	0.327303	457.008026
05341	79.000000	202.833908	46.130413	0.307373	0.345525	456.311584
05350	85.000000	153.149506	84.000641	0.061274	0.470301	467.908051
05351	84.000000	176.626740	55.671024	0.152660	0.424681	452.497498
05360	88.000000	205.512756	71.385544	0.108248	0.444893	481.547363
05361	79.000000	166.032730	53.144283	0.165880	0.417783	443.683899
05370	85.000000	175.035217	48.725113	0.067920	0.460864	462.091888
05371	82.000000	152.867874	34.306160	0.219186	0.390711	418.659363
06010	82.000000	189.159958	35.468544	0.261573	0.361210	465.479675
06011	81.000000	189.892319	44.606918	0.280067	0.360098	450.123871
06020	85.000000	171.396729	59.762600	0.177810	0.408686	461.295593
06021	80.000000	158.258026	39.232838	0.321802	0.338524	437.184753
06030	77.000000	192.098618	65.779915	0.184128	0.405094	467.817780
06031	85.000000	191.094177	53.345592	0.233995	0.383786	458.935547
06040	78.000000	173.814163	76.867561	0.075778	0.460490	468.745483
06041	82.000000	156.994308	37.932068	0.295036	0.351329	440.815887
06050	82.000000	182.799942	70.483109	0.224282	0.387506	465.992889
06051	84.000000	185.832825	48.825790	0.267048	0.365390	457.497223
06060	79.000000	188.471039	51.987629	0.317763	0.336404	463.964417
06061	79.000000	187.845444	21.305216	0.593234	0.200149	440.334381
06070	81.000000	168.895599	70.837822	0.000001	0.500118	461.367889
06071	84.000000	187.091019	57.423851	0.174137	0.413311	460.630707
06080	79.000000	191.054916	70.292053	0.162496	0.415426	475.768036
06081	80.000000	159.067459	36.122326	0.351751	0.323367	437.501099
06090	79.000000	207.282639	60.533901	0.279859	0.354255	473.499756
06091	83.000000	196.648041	53.668217	0.240652	0.377039	461.516815
06100	80.000000	188.539017	67.714981	0.270967	0.363140	468.651978
06101	83.000000	155.348465	36.153702	0.306709	0.345096	441.279022
06110	85.000000	188.310699	64.939674	0.218446	0.388508	466.297882
06111	86.000000	180.404327	52.297180	0.222393	0.388602	455.399811
06120	82.000000	188.558990	60.629200	0.299789	0.346798	466.807617
06121	82.000000	152.110229	30.238909	0.351808	0.320892	432.955353
06130	85.000000	171.261276	66.350571	0.000000	0.496474	469.264191
06131	83.000000	171.863892	48.465431	0.296541	0.351466	450.079010
06140	84.000000	205.571060	58.925438	0.301474	0.345459	473.680328
06141	81.000000	146.550110	47.868828	0.092447	0.454281	439.119446
06150	79.000000	175.885178	63.029587	0.000000	0.492895	472.855316
06151	83.000000	189.267517	55.578831	0.224700	0.388247	456.483337
06160	78.000000	185.803253	79.975998	0.118997	0.438947	474.521210
06161	80.000000	146.251266	38.194866	0.291707	0.353889	431.772125
06170	81.000000	319.337830	242.525970	0.132736	0.687589	475.509705
06171	85.000000	183.881470	47.923321	0.271250	0.362048	456.229095
06180	85.000000	197.761215	57.132961	0.310328	0.340160	471.225342
06181	81.000000	195.622589	49.198494	0.295937	0.351553	454.636017
06190	83.000000	178.905151	54.714169	0.332015	0.330593	457.511871
06191	78.000000	181.764938	52.213516	0.231199	0.383670	450.760590
06200	84.000000	176.492416	63.450024	0.165698	0.415540	461.729065
06201	79.000000	147.761139	34.299324	0.295603	0.350836	432.902466
06210	86.000000	189.630493	73.787292	0.000000	0.492180	489.545471
06211	82.000000	185.105270	42.547039	0.321854	0.337160	451.048401
06220	83.000000	195.984711	59.780563	0.277106	0.358769	469.703003
06221	83.000000	195.619370	41.384449	0.318747	0.338235	451.360168
06230	85.000000	192.240829	56.234798	0.259774	0.365771	463.960846
06231	81.000000	213.062378	46.965607	0.293815	0.349937	463.336975
06240	88.000000	190.440002	68.503021	0.231666	0.381898	475.365662
06241	79.000000	184.862656	48.271973	0.249682	0.373916	452.004150
06250	79.000000	183.191055	67.677048	0.174334	0.410636	464.061249
06251	106.000000	188.824600	41.430859	0.366905	0.315096	468.279663
06260	80.000000	198.213776	58.929668	0.302664	0.345716	468.135010
06261	82.000000	205.233063	41.071945	0.375086	0.310107	457.210724
06270	79.000000	198.286774	58.713615	0.290324	0.352544	466.965973
06271	84.000000	190.365509	48.584454	0.302701	0.347162	456.472046
06280	83.000000	199.109497	52.734196	0.332249	0.328114	465.614410
06281	84.000000	182.283203	45.364796	0.297676	0.349702	450.692719
06290	84.000000	183.599274	61.594055	0.239311	0.377626	465.593689
06291	84.000000	207.312073	59.294277	0.235941	0.382370	464.874847
06300	79.000000	180.587189	60.116459	0.283214	0.355966	461.263214
06301	85.000000	181.475113	44.985634	0.273739	0.361741	453.660004
06310	84.000000	165.756668	82.095650	0.030943	0.485846	474.626221
06311	77.000000	173.496201	55.596992	0.241288	0.378871	449.484650
06320	78.000000	204.970413	79.089294	0.121495	0.439028	489.474091
06321	77.000000	176.159119	47.186798	0.325117	0.336400	446.742493
06330	83.000000	174.626099	73.238548	0.000001	0.498496	467.439667
06331	82.000000	181.496765	61.829414	0.098846	0.451523	457.952667
06340	85.000000	186.694290	64.435844	0.227030	0.385527	465.911438
06341	82.000000	190.866867	46.024250	0.346127	0.325857	453.849854
06350	81.000000	162.502060	81.452377	0.000004	0.500482	466.212128
06351	86.000000	186.353470	58.118706	0.247669	0.376504	462.020538
06360	83.000000	183.325394	62.630291	0.212947	0.392267	462.815094
06370	80.000000	193.181519	49.141834	0.141718	0.426519	456.504333
06371	84.000000	182.563126	40.207443	0.339424	0.330030	456.701050
07010	84.000000	184.889359	28.919411	0.242722	0.371470	456.519562
07011	81.000000	187.470245	41.743378	0.218145	0.390893	444.172516
07020	83.000000	231.706985	69.143578	0.076168	0.462761	498.421509
07021	84.000000	200.588608	50.429688	0.305602	0.346007	457.342072
07030	81.000000	192.350143	58.893444	0.199139	0.398485	460.680450
07031	84.000000	193.875000	47.326305	0.343323	0.327493	453.646820
07040	81.000000	313.170258	84.680321	0.095480	0.451445	607.235596
07041	80.000000	179.873444	59.575256	0.215677	0.393832	452.054688
07050	86.000000	170.196075	61.548542	0.086357	0.454871	461.831940
07051	82.000000	163.583694	57.080364	0.141420	0.429275	449.095703
07060	84.000000	260.917297	81.821640	0.077170	0.461174	564.382568
07061	81.000000	198.276672	49.812065	0.308744	0.344061	457.716064
07070	83.000000	215.375565	63.412228	0.220420	0.388257	481.892792
07071	80.000000	182.849686	39.528740	0.444062	0.276344	444.533569
07080	84.000000	308.699524	82.726585	0.070930	0.464210	593.833984
07081	82.000000	177.096619	66.050522	0.125314	0.439819	455.603943
07090	80.000000	180.537491	66.732483	0.138872	0.426966	461.904083
07091	80.000000	192.507309	49.687820	0.335746	0.330752	449.975708
07100	85.000000	254.687149	79.903152	0.094989	0.452653	538.759155
07101	85.000000	180.411057	55.917973	0.231174	0.385411	453.254089
07110	83.000000	228.619919	67.146919	0.200856	0.394505	495.428253
07111	81.000000	200.312576	60.286915	0.259809	0.371517	461.415680
07120	82.000000	324.046356	94.826851	0.046057	0.478102	669.146790
07121	80.000000	160.392471	60.410809	0.000000	0.498963	444.855865
07130	86.000000	194.108459	62.794582	0.247414	0.374157	471.085815
07131	84.000000	187.584549	54.288395	0.254753	0.373184	452.978302
07140	85.000000	309.079285	87.678787	0.089230	0.456534	586.906616
07141	79.000000	208.403198	50.026081	0.306539	0.345438	458.667938
07150	82.000000	215.996841	75.330185	0.034393	0.480898	493.229126
07151	79.000000	169.386139	56.301838	0.188968	0.407090	442.464447
07160	77.000000	310.814880	81.969612	0.051437	0.475417	612.227661
07161	85.000000	179.487854	58.673515	0.203016	0.398977	453.493713
07170	83.000000	197.357849	67.715279	0.200771	0.398763	470.067535
07171	83.000000	188.042145	53.827274	0.242640	0.379373	451.141815
07180	83.000000	223.311264	85.849602	0.041873	0.480624	497.284882
07181	84.000000	167.936203	60.488064	0.091403	0.455501	451.486542
07190	84.000000	167.057648	51.504398	0.184824	0.405211	452.626465
07191	80.000000	203.208176	46.259109	0.342765	0.326032	454.599792
07200	85.000000	232.539413	87.397331	0.009515	0.499190	518.732788
07201	86.000000	189.597504	53.891396	0.272835	0.364789	454.012085
07210	83.000000	274.460968	80.829674	0.084392	0.459236	579.963623
07211	83.000000	181.505356	46.192783	0.313598	0.343295	445.902710
07220	88.000000	247.612122	88.534096	0.000000	0.501077	536.929199
07221	81.000000	172.671219	50.135349	0.233331	0.381832	448.204193
07230	84.000000	246.625443	76.042419	0.079152	0.459622	525.097229
07231	82.000000	179.431290	57.691673	0.202454	0.398596	453.414551
07240	84.000000	309.033936	84.839851	0.060008	0.470556	619.317688
07241	85.000000	180.437592	43.043468	0.344057	0.326274	447.607727
07250	82.000000	200.100159	64.824997	0.175128	0.409297	469.127441
07251	80.000000	191.696609	42.643177	0.371416	0.312201	449.000916
07260	87.000000	265.973663	60.166698	0.033701	0.475483	633.644226
07261	82.000000	173.819473	47.261616	0.279905	0.360411	444.528076
07270	82.000000	247.463470	72.535545	0.124916	0.434594	516.000977
07271	85.000000	185.498535	50.946934	0.278376	0.360079	452.716522
07280	83.000000	316.420746	91.825569	0.053519	0.474438	587.269653
07281	78.000000	169.298553	56.214352	0.171948	0.413931	446.146484
07290	80.000000	185.106049	66.588699	0.128463	0.431304	466.201660
07291	86.000000	177.313904	65.844482	0.123459	0.439357	458.769897
07300	82.000000	248.037811	74.627068	0.078648	0.457420	514.624023
07301	84.000000	192.706360	60.260296	0.172657	0.415645	458.519440
07310	83.000000	259.437622	92.401100	0.027855	0.488117	548.299194
07311	82.000000	180.420227	53.939987	0.273406	0.362633	452.287292
07320	86.000000	305.454712	75.928452	0.091105	0.448532	574.959045
07321	80.000000	146.338806	38.842648	0.284203	0.356905	430.587494
07330	80.000000	130.017746	119.030655	0.000000	0.506078	461.205048
07331	81.000000	197.053268	64.830925	0.222666	0.391076	460.211639
07340	80.000000	250.108856	62.566444	0.058421	0.460411	532.530029
07341	83.000000	188.474243	46.848709	0.321536	0.338431	452.275665
07351	84.000000	187.780869	51.267754	0.280965	0.359421	449.701782
07360	85.000000	355.948944	87.220871	0.031296	0.483956	889.557922
07361	84.000000	159.636414	55.961075	0.060137	0.472100	445.182831
07370	85.000000	168.887787	64.785225	0.000000	0.499327	465.572357
07371	84.000000	200.461960	44.457153	0.225979	0.385654	457.860443
08010	88.000000	205.021469	44.368679	0.150943	0.419386	470.516632
08011	87.000000	140.923904	37.136177	0.378924	0.309921	452.486389
08020	84.000000	212.187836	86.125450	0.043380	0.477928	493.716797
08021	83.000000	182.088791	50.374294	0.226659	0.386582	450.769318
08030	78.000000	197.043198	74.966690	0.054003	0.472511	472.340118
08031	85.000000	173.839584	52.463703	0.168352	0.415784	450.646271
08040	83.000000	193.627869	70.732605	0.198277	0.398606	471.346191
08041	84.000000	164.305496	58.678425	0.000000	0.500195	450.237488
08050	80.000000	188.946457	67.945412	0.153357	0.422668	466.802490
08051	80.000000	176.802856	48.372704	0.249982	0.374048	446.263397
08060	80.000000	225.586853	79.678307	0.157564	0.421324	496.067047
08061	78.000000	188.016205	49.011814	0.232412	0.381217	449.066711
08070	86.000000	223.856369	84.812553	0.081048	0.460007	487.996887
08071	83.000000	193.381943	57.880272	0.159070	0.420529	458.218292
08080	83.000000	192.145813	75.500931	0.187214	0.403840	474.626312
08081	83.000000	156.839249	44.054123	0.206021	0.396757	431.666138
08090	81.000000	202.094864	73.620491	0.103581	0.444975	476.759796
08091	86.000000	212.626694	67.155479	0.144894	0.426790	471.850403
08100	83.000000	247.324081	92.399628	0.142170	0.427650	521.052795
08101	82.000000	165.059494	61.198524	0.035846	0.483464	452.018494
08110	84.000000	243.255554	80.114738	0.099620	0.448138	507.037872
08111	83.000000	195.111206	55.800114	0.174200	0.412107	458.403503
08120	80.000000	207.789932	86.040443	0.118925	0.440197	492.461792
08121	82.000000	162.788452	55.594795	0.043092	0.478038	448.756439
08130	79.000000	218.687195	60.756168	0.243945	0.372425	470.165527
08131	85.000000	215.860672	64.076241	0.195330	0.402841	472.736450
08140	80.000000	225.566757	75.019638	0.223799	0.385139	491.791534
08141	78.000000	176.014725	45.779179	0.255452	0.370137	443.520447
08150	79.000000	244.093002	81.297012	0.105064	0.445271	526.590820
08160	81.000000	244.497543	0.061721	0.363853	0.277933	486.455383
08161	82.000000	180.120193	50.167824	0.172385	0.412064	452.823608
08170	85.000000	203.441833	75.598801	0.115476	0.440154	479.194366
08171	84.000000	203.869507	71.145279	0.152173	0.425330	471.282013
08180	84.000000	253.414108	76.639656	0.133034	0.431459	523.868042
08181	86.000000	180.934891	48.086155	0.202924	0.396641	456.046539
08190	80.000000	195.619324	49.539978	0.286096	0.351437	460.348328
08191	81.000000	176.166443	53.886711	0.075003	0.462527	449.037506
08200	83.000000	182.124969	69.653664	0.181562	0.409661	461.688171
08201	84.000000	187.346298	48.461750	0.244082	0.377303	451.719513
08210	84.000000	173.102341	56.852612	0.226073	0.385847	456.022797
08211	80.000000	183.292099	52.490486	0.189879	0.405508	447.660828
08220	82.000000	199.683395	73.191093	0.033591	0.478795	471.948853
08221	79.000000	177.816010	56.447453	0.094175	0.452902	448.494659
08230	83.000000	246.770844	72.503563	0.132710	0.427232	511.354858
08231	84.000000	195.348145	58.699657	0.080374	0.461247	457.300385
08240	85.000000	174.738617	103.008194	0.018968	0.496624	475.919373
08241	83.000000	184.677261	51.903610	0.245567	0.377394	451.861450
08250	82.000000	210.421951	74.435677	0.125691	0.436825	472.093475
08251	83.000000	181.600540	54.869926	0.183898	0.407879	450.111633
08260	80.000000	181.532486	77.104126	0.159217	0.421460	465.806122
08261	84.000000	169.462479	63.282772	0.045144	0.479955	453.766571
08270	84.000000	248.657684	78.864243	0.075867	0.456965	515.332886
08271	86.000000	197.105713	60.935921	0.101659	0.452036	461.006256
08280	81.000000	198.894806	79.304604	0.136299	0.429734	478.704559
08281	78.000000	181.933319	54.919189	0.205952	0.396382	447.667877
08290	82.000000	187.510071	66.865990	0.067232	0.462233	465.477936
08291	74.000000	183.090698	48.076778	0.291569	0.353231	443.553131
08300	82.000000	199.006805	74.106850	0.141165	0.427455	479.980560
08301	83.000000	191.227417	45.215885	0.278067	0.359672	453.092102
08310	77.000000	254.759857	88.182961	0.106557	0.447453	536.647827
08311	86.000000	186.802002	63.954155	0.120256	0.439602	463.138092
08320	82.000000	180.544098	74.026733	0.140572	0.428587	466.547913
08321	80.000000	193.211151	43.943829	0.349888	0.321990	453.042053
08330	87.000000	178.645462	85.714363	0.036103	0.483316	473.643890
08331	85.000000	184.470764	49.729057	0.237948	0.379972	452.932190
08340	79.000000	202.681961	64.476486	0.222636	0.382949	473.800781
08341	82.000000	180.585464	52.200508	0.241951	0.378791	449.599640
08350	80.000000	215.860535	90.421371	0.105474	0.449560	492.036713
08351	84.000000	175.847305	61.528267	0.016992	0.493320	452.858276
08360	81.000000	202.185486	54.934837	0.208163	0.391890	462.590179
08361	84.000000	195.628159	46.026352	0.265292	0.366377	453.466797
08370	86.000000	198.476959	57.439877	0.072202	0.460304	481.931976
08371	84.000000	188.239410	41.584545	0.169614	0.414370	450.606323
09010	81.000000	180.742599	36.873894	0.196721	0.394735	467.920746
09011	84.000000	200.893051	47.317638	0.200615	0.398816	464.834747
09020	81.000000	161.240921	61.030960	0.091605	0.453844	454.017456
09021	81.000000	194.699814	48.524940	0.348164	0.326087	452.459167
09030	81.000000	214.380249	53.661976	0.152701	0.418275	474.430878
09031	84.000000	191.340607	56.287266	0.252354	0.376556	454.885437
09040	80.000000	181.249863	55.589436	0.135643	0.429713	458.863708
09041	80.000000	192.966309	49.069366	0.321137	0.338685	452.940063
09050	79.000000	219.890778	48.458420	0.191152	0.396182	474.257355
09051	81.000000	200.925125	39.073353	0.383008	0.307105	452.526917
09060	81.000000	190.924576	50.481594	0.232540	0.379369	461.749237
09061	81.000000	188.786133	52.298351	0.243833	0.378436	449.996002
09070	76.000000	196.791092	53.851418	0.067516	0.463104	458.482117
09071	77.000000	195.587479	44.668373	0.320075	0.337487	451.069855
09080	80.000000	195.972565	47.951851	0.232269	0.376336	460.602814
09081	80.000000	183.963089	50.183994	0.321872	0.338729	446.864502
09090	82.000000	191.348434	52.452625	0.115157	0.435776	460.478729
09091	86.000000	168.489975	46.053444	0.287458	0.353548	450.087494
09100	80.000000	190.277634	55.296940	0.205402	0.393003	458.445160
09101	82.000000	196.447357	44.446903	0.304140	0.345591	455.426788
09110	80.000000	244.424210	60.698357	0.105568	0.440204	488.944763
09111	86.000000	186.054077	55.951134	0.287967	0.357160	454.892578
09120	84.000000	196.629837	49.844936	0.219717	0.385266	461.655823
09121	84.000000	197.735779	49.643528	0.335791	0.330174	459.350922
09130	82.000000	226.789093	59.880943	0.167428	0.413233	485.739258
09131	83.000000	155.399689	46.198524	0.240228	0.380002	435.442383
09140	83.000000	187.729141	49.658558	0.225103	0.381906	458.731262
09141	84.000000	192.433182	51.764030	0.302828	0.348638	456.837646
09150	87.000000	241.553650	62.489269	0.088701	0.451758	508.241669
09151	81.000000	205.002258	52.784184	0.274811	0.363548	456.761627
09160	83.000000	432.337402	65.837845	0.050673	0.466967	699.293396
09161	81.000000	141.344330	45.873672	0.389555	0.304683	415.389160
09170	80.000000	160.367630	49.546177	0.340790	0.326361	446.177643
09171	80.000000	168.633453	39.243847	0.294831	0.351822	439.509033
09180	82.000000	219.817322	67.157349	0.074483	0.459566	486.767517
09181	83.000000	185.002960	63.289036	0.174587	0.414821	455.835388
09190	88.000000	202.029236	57.393028	0.151514	0.418062	474.031830
09191	85.000000	202.077438	50.007954	0.294448	0.352145	459.701111
09200	80.000000	176.901489	69.101425	0.108273	0.445976	459.264801
09201	82.000000	210.254852	49.941490	0.331473	0.333715	461.848022
09210	79.000000	180.894302	43.104397	0.313595	0.337667	451.993042
09211	84.000000	153.191147	43.325935	0.410218	0.294536	431.649292
09220	80.000000	174.404999	55.974388	0.248739	0.373988	451.348419
09221	85.000000	196.398514	50.998627	0.291795	0.353661	456.759857
09230	82.000000	248.679901	67.461678	0.066742	0.464014	520.998047
09231	79.000000	192.330215	57.036583	0.173912	0.414184	454.169861
09240	83.000000	188.006058	56.138813	0.251600	0.370216	461.005554
09241	86.000000	184.957779	48.550308	0.251350	0.373854	450.078247
09250	80.000000	218.548813	66.020142	0.068357	0.461906	482.781586
09251	79.000000	153.220428	40.177593	0.473512	0.262618	428.958466
09260	82.000000	174.932388	75.602623	0.057512	0.470009	466.218628
09261	82.000000	198.539978	47.647366	0.337556	0.330635	452.069214
09270	81.000000	257.015076	69.253601	0.071852	0.459711	510.645844
09271	80.000000	197.691025	51.650066	0.298065	0.350851	455.052246
09280	84.000000	188.167236	50.700378	0.289320	0.351626	460.723877
09281	80.000000	219.540359	57.704773	0.311590	0.344647	470.941345
09290	80.000000	203.971161	77.489197	0.104086	0.448729	472.342651
09291	79.000000	167.115662	35.717003	0.532821	0.232853	432.397095
09300	83.000000	177.945343	68.347885	0.172315	0.409828	462.324341
09301	78.000000	193.486069	49.255081	0.315075	0.342297	452.753296
09310	77.000000	245.011734	65.870377	0.098230	0.443701	493.738770
09311	82.000000	203.428253	47.935047	0.309253	0.342239	456.523010
09320	81.000000	169.194672	67.806068	0.117109	0.441009	458.869263
09321	80.000000	199.747467	45.619377	0.323288	0.336245	451.211731
09330	81.000000	201.332123	55.141434	0.110362	0.440213	468.829956
09331	81.000000	192.239288	42.613670	0.403681	0.296744	452.660522
09340	81.000000	135.014709	47.656464	0.170629	0.412270	442.648224
09341	82.000000	192.741867	49.944000	0.322466	0.338653	453.746765
09350	81.000000	241.072586	58.033875	0.128901	0.429568	489.765259
09351	79.000000	194.072983	52.772884	0.297882	0.349540	450.451752
09360	83.000000	157.568848	66.108528	0.033297	0.483753	455.270020
09361	85.000000	188.651184	44.800499	0.320810	0.338866	451.924713
09370	85.000000	227.287262	40.632107	0.111317	0.435595	472.423309
09371	83.000000	196.604111	47.446800	0.175333	0.412670	458.209320
10010	82.000000	173.409897	42.973934	0.167346	0.413439	457.889435
10011	81.000000	205.447113	52.819748	0.212142	0.395382	467.271149
10020	86.000000	192.019501	57.590839	0.172099	0.411576	462.318329
10021	86.000000	194.381393	48.429794	0.259600	0.370316	456.520325
10030	79.000000	183.384003	75.017906	0.070199	0.464440	463.988678
10031	82.000000	191.422775	43.395168	0.308183	0.344682	452.854034
10040	79.000000	173.780273	68.526512	0.108295	0.446198	457.295105
10041	79.000000	190.180191	57.616276	0.244408	0.379253	456.298370
10050	83.000000	205.338333	55.227345	0.261009	0.364137	467.987671
10051	79.000000	189.577225	55.767826	0.233246	0.384761	453.432129
10060	84.000000	179.268005	66.490791	0.110601	0.443067	464.421326
10061	83.000000	201.398071	54.773376	0.268081	0.366551	460.522766
10070	83.000000	177.109863	60.245045	0.135068	0.429920	459.978119
10071	83.000000	196.488846	58.979317	0.252005	0.375866	459.706970
10080	82.000000	177.602692	68.187973	0.131472	0.434207	461.672180
10081	84.000000	191.336044	52.239288	0.237005	0.381907	455.990326
10090	85.000000	182.589905	62.453491	0.210187	0.391572	462.115906
10091	87.000000	182.460052	48.574261	0.292269	0.352325	452.086517
10100	83.000000	174.050232	66.270775	0.162159	0.416880	462.518555
10101	81.000000	199.151245	58.696507	0.241654	0.381097	459.761353
10110	89.000000	189.152100	70.371010	0.049094	0.473889	475.126099
10111	81.000000	180.081085	52.984474	0.254896	0.374242	445.372040
10120	83.000000	187.904892	75.231644	0.000000	0.499112	469.648254
10121	87.000000	205.708359	56.908295	0.183127	0.409226	464.383575
10130	84.000000	152.227737	43.475784	0.293011	0.351313	447.106812
10131	80.000000	198.009888	49.205307	0.281253	0.359078	455.954926
10140	81.000000	182.998291	46.837173	0.261458	0.365122	454.871796
10141	77.000000	196.496414	46.930309	0.311518	0.343963	451.830292
10150	85.000000	172.193405	57.680302	0.260611	0.369492	453.020447
10151	87.000000	164.582047	55.771214	0.075404	0.462504	451.200134
10160	77.000000	184.146942	63.527424	0.177374	0.409404	458.737762
10161	83.000000	212.143814	45.296425	0.337056	0.329157	463.027252
10170	82.000000	164.720367	43.349594	0.255792	0.368574	444.910034
10171	81.000000	196.092880	51.186745	0.304917	0.347621	457.613373
10180	84.000000	167.582047	58.981644	0.182804	0.405617	458.187500
10181	81.000000	202.941208	44.149929	0.316927	0.340486	454.021881
10190	82.000000	152.411301	66.667229	0.018359	0.489410	456.127380
10191	85.000000	183.739212	52.273197	0.253290	0.373495	457.175629
10200	84.000000	216.684189	58.088589	0.273130	0.359619	477.557770
10201	85.000000	198.396896	49.048141	0.287785	0.356652	454.845886
10210	84.000000	185.210403	74.921471	0.064623	0.466859	471.073853
10211	82.000000	183.950256	42.902920	0.310949	0.343505	449.530975
10220	86.000000	201.019333	69.999214	0.184013	0.407096	473.431824
10221	81.000000	186.358597	43.274654	0.330469	0.333279	448.667053
10230	89.000000	216.550125	73.935333	0.163337	0.416687	487.431274
10231	80.000000	189.541367	48.813950	0.289028	0.354667	452.583344
10240	81.000000	166.371002	69.493187	0.140971	0.428558	458.352264
10241	84.000000	177.292999	51.890297	0.250154	0.375015	454.416199
10250	81.000000	184.502609	80.270973	0.035959	0.483393	468.723236
10251	78.000000	179.537766	48.137520	0.283517	0.357674	447.679443
10260	83.000000	185.101471	54.280956	0.283509	0.355546	457.316315
10261	82.000000	187.272339	42.296215	0.367790	0.314772	447.758881
10270	85.000000	159.253754	61.948490	0.207917	0.395262	454.386200
10271	86.000000	185.877563	48.276997	0.332775	0.333813	452.750305
10280	84.000000	215.939072	67.172295	0.180320	0.406139	475.240143
10281	84.000000	205.565720	55.631916	0.267682	0.365726	467.094635
10290	81.000000	161.829041	60.064251	0.000000	0.495994	457.686310
10291	80.000000	197.023865	45.079006	0.311240	0.342875	454.858643
10300	85.000000	202.697159	59.646412	0.210463	0.391222	470.215485
10301	84.000000	199.326157	41.369305	0.333805	0.329893	456.370056
10310	84.000000	168.494370	54.248070	0.288658	0.352545	461.580688
10311	85.000000	202.288147	57.274178	0.265393	0.367871	463.976654
10320	87.000000	190.127167	79.745987	0.090407	0.455608	474.539429
10321	84.000000	198.746780	52.752346	0.257184	0.371131	459.624939
10330	84.000000	167.230148	70.056290	0.000133	0.499936	460.712006
10331	79.000000	213.070389	36.165268	0.416178	0.289739	454.745789
10340	82.000000	188.301010	81.348244	0.053666	0.472984	474.694977
10341	77.000000	193.312256	42.566177	0.302505	0.347632	449.907288
10350	86.000000	156.236282	62.128735	0.252010	0.373054	453.200043
10351	83.000000	196.514297	44.330982	0.322979	0.336930	453.319550
10360	79.000000	214.266998	57.045788	0.167000	0.411903	470.531281
10361	79.000000	200.149643	50.358753	0.251606	0.374259	454.913666
10370	82.000000	175.193405	38.639248	0.196336	0.398485	457.222717
10371	80.000000	188.409912	41.400135	0.206826	0.397643	445.129639
11010	82.000000	166.321564	54.120613	0.112621	0.442094	455.615356
11011	85.000000	196.370697	45.177063	0.160597	0.417455	459.835602
11020	78.000000	201.749466	52.730175	0.230107	0.381620	461.905090
11021	80.000000	222.759735	48.878906	0.294929	0.350395	472.800018
11030	83.000000	183.586624	62.054169	0.173730	0.411176	462.528778
11031	81.000000	199.076294	61.073677	0.191684	0.405764	462.474182
11040	83.000000	177.215439	49.768917	0.213268	0.391246	456.531433
11041	81.000000	186.742798	63.553749	0.163445	0.421163	458.689026
11050	84.000000	184.436310	60.446301	0.186016	0.405440	464.887726
11051	83.000000	201.385864	52.914593	0.310843	0.344208	462.329437
11060	82.000000	165.482727	48.631649	0.270373	0.363577	449.851776
11061	80.000000	181.305420	59.391823	0.198047	0.402147	456.091736
11070	81.000000	189.895477	61.418377	0.200574	0.397460	465.941895
11071	86.000000	174.011932	58.264061	0.001579	0.499481	458.185425
11080	84.000000	173.989700	64.382256	0.081014	0.458018	461.623413
11081	81.000000	200.168716	61.187977	0.256007	0.373223	464.835785
11090	84.000000	173.413849	69.566711	0.012774	0.491828	468.371246
11091	79.000000	226.464355	58.650833	0.320718	0.337855	481.172577
11100	83.000000	190.938354	48.142799	0.291952	0.350117	461.332397
11101	81.000000	214.491470	44.504692	0.364782	0.315309	464.047852
11110	81.000000	172.190857	52.865955	0.261209	0.367311	453.024872
11111	83.000000	197.461258	58.747086	0.212149	0.394538	462.483643
11120	84.000000	175.244675	67.673683	0.127554	0.435431	463.168060
11121	82.000000	200.470230	53.250717	0.255427	0.372321	458.515869
11130	80.000000	177.815414	62.612873	0.127816	0.434068	457.473877
11131	83.000000	201.899551	49.478313	0.300031	0.350201	460.178741
11140	83.000000	195.061264	61.690022	0.201019	0.396723	468.807343
11141	81.000000	197.462799	54.404232	0.259774	0.369950	458.674194
11150	80.000000	185.171768	47.591808	0.366056	0.314087	456.173615
11151	81.000000	196.444824	47.044308	0.296325	0.350448	455.678864
11160	82.000000	188.391266	62.109676	0.176691	0.409567	461.937805
11161	89.000000	188.655243	54.475159	0.260274	0.370485	462.172729
11170	80.000000	192.436401	57.688381	0.233176	0.381373	463.446167
11171	83.000000	198.652863	57.155350	0.234249	0.383755	460.855286
11180	80.000000	200.748611	52.812565	0.266009	0.362730	463.769470
11181	83.000000	193.781357	42.586830	0.333209	0.331014	453.958862
11190	83.000000	179.727005	56.102776	0.225264	0.384163	457.424500
11191	87.000000	209.017227	45.313141	0.329220	0.332513	464.382965
11200	87.000000	187.129730	57.919724	0.232062	0.382144	466.039093
11201	86.000000	189.011368	52.356155	0.265281	0.367798	456.513367
11210	81.000000	194.217316	65.640503	0.165147	0.415446	465.278625
11211	84.000000	201.259552	51.360950	0.321608	0.339517	460.049255
11220	82.000000	180.901794	72.081993	0.046971	0.476273	466.112946
11221	79.000000	200.171814	65.121414	0.217519	0.394072	465.357971
11230	85.000000	205.929901	64.089867	0.197580	0.400354	472.738434
11231	81.000000	192.041794	50.786182	0.294704	0.353292	456.345398
11240	87.000000	185.999298	58.932735	0.184890	0.404860	464.694672
11241	86.000000	194.701874	60.256088	0.202229	0.399604	464.070709
11250	84.000000	180.250168	59.412159	0.216022	0.391045	458.456146
11251	83.000000	206.021500	51.780182	0.294609	0.352471	463.699341
11260	80.000000	187.935135	57.529427	0.204744	0.394730	455.722961
11261	82.000000	188.814728	47.337128	0.311007	0.344207	452.951324
11270	84.000000	201.820847	53.890812	0.274370	0.359552	466.656464
11271	82.000000	186.978714	50.390678	0.263574	0.368326	452.936462
11280	83.000000	176.590683	65.677551	0.097721	0.450378	461.151886
11281	79.000000	196.736542	50.508812	0.309494	0.343898	455.592926
11290	78.000000	202.061050	60.509907	0.192960	0.399840	470.141052
11291	73.000000	211.290100	45.944450	0.354082	0.320799	461.266449
11300	87.000000	184.493866	52.924225	0.246142	0.373808	463.958771
11301	81.000000	191.737549	56.734268	0.240311	0.380601	457.620880
11310	82.000000	187.555405	60.511269	0.184463	0.405832	461.996368
11311	83.000000	202.636627	59.182343	0.174418	0.413063	464.864166
11320	82.000000	200.641937	52.961388	0.281342	0.355161	467.554230
11321	86.000000	188.849045	48.850075	0.345780	0.326340	458.339569
11330	81.000000	173.729568	77.763527	0.006840	0.496475	468.378845
11331	85.000000	174.792465	55.752819	0.251907	0.374516	454.262909
11340	81.000000	192.638641	60.263851	0.203037	0.395995	467.044220
11341	83.000000	190.252594	55.673302	0.264658	0.368150	458.472412
11350	82.000000	192.372131	55.319103	0.145468	0.421620	466.821777
11351	82.000000	207.810287	57.236374	0.212663	0.394233	464.332947
11360	82.000000	192.835358	55.711452	0.199533	0.398178	464.634186
11361	82.000000	186.037445	47.453873	0.286515	0.356532	450.515015
11370	84.000000	176.205887	52.389175	0.078331	0.458988	459.038086
11371	83.000000	146.139999	38.356480	0.276059	0.361462	431.870544
