00010	86.000000	176.839630	41.236233	0.175532	0.406559	459.241333
00011	82.000000	153.547775	40.491737	0.364315	0.316540	444.708313
00020	85.000000	175.966629	51.381260	0.237861	0.376545	458.744354
00021	80.000000	154.143463	52.644184	0.484373	0.257603	438.532318
00030	87.000000	169.457626	69.847717	0.061229	0.468042	464.575775
00031	86.000000	181.991577	64.568375	0.358247	0.321330	460.200256
00040	81.000000	161.578751	65.877228	0.000000	0.496241	459.260284
00041	82.000000	166.362885	67.555565	0.284375	0.358595	455.097748
00050	108.000000	188.958054	69.395432	0.159059	0.417293	489.278046
00051	83.000000	117.521805	63.012516	0.084661	0.458216	441.262604
00060	81.000000	161.101181	66.505638	0.064185	0.466147	457.055084
00061	81.000000	145.009079	51.629234	0.446403	0.276117	444.312439
00070	105.000000	184.243500	51.727642	0.311099	0.341562	475.372772
00071	83.000000	160.179932	72.114700	0.124788	0.439624	456.843170
00080	110.000000	179.478729	62.715000	0.155148	0.420457	482.877472
00081	89.000000	174.566177	59.705608	0.320198	0.340347	457.875214
00090	107.000000	198.036133	70.850487	0.206154	0.394442	486.710327
00091	80.000000	114.751587	66.608513	0.056999	0.471213	443.746613
00100	107.000000	167.515869	77.098557	0.012306	0.493115	485.311157
00101	82.000000	136.438660	61.713406	0.288219	0.355326	447.943512
00110	111.000000	187.146896	96.252945	0.049312	0.478931	497.094421
00111	81.000000	152.204788	79.365509	0.061106	0.472600	456.216461
00120	108.000000	191.404907	59.953182	0.238784	0.377404	481.882080
00121	80.000000	166.022034	61.454712	0.281054	0.360115	450.668335
00130	109.000000	169.214127	66.989052	0.062250	0.467229	482.054749
00131	85.000000	171.781738	63.641331	0.458418	0.270765	455.972961
00140	105.000000	190.597809	62.359715	0.232793	0.381589	479.774567
00141	82.000000	122.116905	57.223801	0.236921	0.380662	437.430328
00150	76.000000	189.021912	56.250263	0.229864	0.382418	455.781464
00151	81.000000	157.766708	60.522366	0.093735	0.452744	451.662781
00160	84.000000	183.656754	56.095295	0.244264	0.374769	460.705872
00161	79.000000	163.140045	59.034008	0.304872	0.348209	447.914551
00170	82.000000	174.401184	67.933647	0.120307	0.438801	461.648071
00171	85.000000	126.630608	62.523441	0.194226	0.402278	448.542236
00180	110.000000	163.371155	68.798210	0.000000	0.496330	480.410248
00181	83.000000	158.989563	65.472282	0.131001	0.435699	451.665436
00190	84.000000	169.759247	62.803787	0.149518	0.422919	457.834900
00191	80.000000	120.621651	67.435555	0.000027	0.499559	440.952209
00200	102.000000	170.593277	67.753044	0.171771	0.412800	474.765961
00201	77.000000	157.010880	54.780426	0.339825	0.328908	446.089355
00210	113.000000	187.341660	56.543716	0.170545	0.410721	485.385498
00211	82.000000	180.643814	45.722050	0.373843	0.311754	449.631683
00220	108.000000	173.255173	60.762909	0.154098	0.420727	479.838715
00221	83.000000	134.446045	54.279892	0.311332	0.343550	443.631226
00230	114.000000	187.028564	57.629963	0.218836	0.387586	487.041107
00231	81.000000	176.111725	46.150131	0.370475	0.313438	447.774506
00240	84.000000	178.258041	68.634270	0.111494	0.441900	463.276337
00241	79.000000	190.707932	48.579979	0.392117	0.303370	450.019287
00250	83.000000	183.876678	56.332546	0.238041	0.376354	457.689606
00251	84.000000	2695.789795	1207.081299	0.000269	18.758312	451.984955
00260	85.000000	195.160767	75.710541	0.108613	0.443907	477.631287
00261	85.000000	151.212769	55.076397	0.404765	0.296673	448.572021
00270	83.000000	174.413635	52.504677	0.305199	0.344313	456.506531
00271	82.000000	158.382233	61.126846	0.263641	0.369219	449.132812
00280	85.000000	158.709808	68.392548	0.000000	0.497088	464.802734
00281	83.000000	162.599472	57.779510	0.298641	0.349937	450.153168
00290	87.000000	182.113495	70.852287	0.132066	0.431298	472.760010
00291	86.000000	139.121170	60.653408	0.251942	0.373035	453.995422
00300	79.000000	185.263260	65.639404	0.210957	0.392659	461.925812
00301	77.000000	159.342072	49.891541	0.497235	0.250473	440.201050
00310	79.000000	175.224915	59.389484	0.248837	0.372102	455.527222
00311	80.000000	182.144760	49.318451	0.384108	0.306820	446.880585
00320	83.000000	188.357971	70.638596	0.241022	0.376521	469.466278
00321	84.000000	175.636047	57.071529	0.340334	0.329941	454.297150
00330	80.000000	158.974136	71.406944	0.000001	0.498910	460.637939
00331	83.000000	126.203400	53.940552	0.279419	0.359491	446.268127
00340	82.000000	181.317627	62.251747	0.261626	0.366522	463.629944
00341	86.000000	108.437210	77.785828	0.014993	0.494420	444.528717
00350	83.000000	171.974060	58.228516	0.000000	0.493971	459.594452
00351	79.000000	191.294266	42.781620	0.440595	0.275942	451.037170
00360	83.000000	184.035965	53.806454	0.280234	0.357845	460.195618
00361	86.000000	184.001099	45.183304	0.387024	0.305650	453.137634
00370	79.000000	167.937378	54.599121	0.019344	0.488946	453.620331
00371	80.000000	153.749542	57.164948	0.296440	0.351301	453.779694
01010	81.000000	172.066605	50.522667	0.150557	0.420927	457.116302
01011	82.000000	154.461884	47.384232	0.221328	0.390137	429.736938
01020	83.000000	186.937164	72.227295	0.220918	0.387728	471.398529
01021	82.000000	160.694687	55.085247	0.268480	0.366762	438.216400
01030	83.000000	173.566422	70.124390	0.149342	0.423010	463.662659
01031	81.000000	146.514465	46.393379	0.307476	0.346152	434.101562
01040	82.000000	162.508987	77.294586	0.130934	0.432165	465.585632
01041	83.000000	168.925323	71.830994	0.088104	0.457711	458.543274
01050	82.000000	185.998413	74.368813	0.150636	0.422001	469.534607
01051	83.000000	159.836792	46.253036	0.366063	0.317240	438.170441
01060	87.000000	156.698685	83.645828	0.000000	0.498364	471.866974
01061	82.000000	168.621872	64.889526	0.200938	0.400724	455.068115
01070	79.000000	162.221405	90.717865	0.035446	0.484484	463.654114
01071	83.000000	150.325333	61.843842	0.159466	0.421492	445.766510
01080	88.000000	186.670181	61.365593	0.151294	0.420875	469.951904
01081	83.000000	144.717819	65.822327	0.002486	0.499789	445.816833
01090	81.000000	175.113342	78.628151	0.098494	0.449035	464.656372
01091	86.000000	155.761307	59.650433	0.268843	0.365908	451.067535
01100	83.000000	180.512924	74.149727	0.096111	0.450038	468.141876
01101	117.000000	185.675064	47.813828	0.412317	0.292583	481.647949
01110	79.000000	187.141159	78.614388	0.101397	0.447193	472.942963
01111	85.000000	146.952240	52.875046	0.140732	0.429570	443.187561
01120	78.000000	170.405884	78.637924	0.001874	0.498947	469.366730
01121	82.000000	152.976273	57.078083	0.227698	0.385323	448.133575
01130	86.000000	169.950592	73.966370	0.064014	0.467038	464.828491
01131	79.000000	163.585968	45.141045	0.364348	0.317025	441.154633
01140	81.000000	198.707016	68.671181	0.235774	0.379330	471.785339
01141	79.000000	161.046326	69.547531	0.120392	0.442495	450.187042
01150	80.000000	188.070068	76.752693	0.138397	0.429773	471.928040
01151	81.000000	142.266861	49.959095	0.171379	0.413765	439.019073
01160	81.000000	186.018097	59.255573	0.276232	0.359691	457.922546
01161	81.000000	169.611069	54.446049	0.270011	0.364958	447.713348
01170	84.000000	178.117172	68.135475	0.071546	0.459991	463.679535
01171	84.000000	146.960159	49.335316	0.277729	0.361456	436.868469
01180	83.000000	177.957687	62.520229	0.271507	0.360489	458.520569
01181	81.000000	156.573273	41.817825	0.414517	0.291887	440.877594
01190	80.000000	165.870331	76.151085	0.066661	0.464574	462.161713
01191	80.000000	177.007965	48.691471	0.347986	0.324456	445.716187
01200	81.000000	177.653976	71.276886	0.000000	0.498038	465.886749
01201	79.000000	170.618988	52.683052	0.352649	0.323593	446.066162
01210	81.000000	163.762039	81.084732	0.000001	0.500008	467.599426
01211	78.000000	169.040863	57.982471	0.288793	0.357197	445.741150
01220	83.000000	174.910629	73.736244	0.079389	0.458311	463.451172
01221	83.000000	149.377640	54.785706	0.234062	0.383314	434.876770
01230	83.000000	186.101196	64.527885	0.248223	0.373164	464.753052
01231	83.000000	135.771149	38.099854	0.384429	0.306683	428.447906
01240	88.000000	174.824387	72.241867	0.044533	0.476264	470.085022
01241	82.000000	159.769638	57.098488	0.292076	0.354745	445.099701
01250	80.000000	184.375671	55.165142	0.271987	0.358609	459.076477
01251	81.000000	143.156708	62.318916	0.120708	0.440715	441.925995
01260	75.000000	181.042618	60.936504	0.260872	0.366849	453.335022
01261	81.000000	170.391449	55.594437	0.301196	0.348827	447.473083
01270	83.000000	169.686462	73.560730	0.126540	0.435125	464.426910
01271	84.000000	163.902786	52.617500	0.297093	0.352375	444.534241
01280	87.000000	168.312012	62.987507	0.063142	0.465364	463.809570
01281	83.000000	130.991302	58.518394	0.154594	0.423343	437.116516
01290	83.000000	180.906128	59.975296	0.277310	0.357405	459.952179
01291	79.000000	168.194443	48.244667	0.335655	0.332012	443.144379
01300	82.000000	178.369354	81.700882	0.077669	0.461297	476.921387
01301	79.000000	155.266525	45.774242	0.354092	0.322577	438.690796
01310	87.000000	173.248825	70.722931	0.100329	0.447605	466.214844
01311	83.000000	154.919312	60.937889	0.185723	0.407220	447.631744
01320	85.000000	188.372971	60.393631	0.243651	0.374191	467.950317
01321	80.000000	160.449997	59.772694	0.265734	0.367180	444.699646
01330	77.000000	165.022903	78.614830	0.000000	0.499472	462.028870
01331	79.000000	107.128159	48.095825	0.170969	0.414392	416.348236
01340	82.000000	164.516159	68.350861	0.000000	0.496364	466.051819
01341	83.000000	148.980209	52.013947	0.312558	0.343591	437.732300
01350	80.000000	172.609406	63.878174	0.205856	0.395020	458.909882
01351	81.000000	136.995773	48.980400	0.147052	0.426079	432.546448
01360	81.000000	190.542969	74.584038	0.057981	0.471183	480.163330
01361	83.000000	149.376526	52.140629	0.277890	0.361493	442.036041
01370	79.000000	166.333527	63.135624	0.051821	0.474691	458.259125
01371	86.000000	158.278061	34.411079	0.289502	0.353520	440.208252
02010	83.000000	179.566910	64.957085	0.147912	0.424132	473.673340
02011	84.000000	124.309364	31.697416	0.168908	0.414004	433.606720
02020	81.000000	148.604980	68.588165	0.000228	0.497731	455.502045
02021	85.000000	126.129959	64.458900	0.000000	0.501452	443.281433
02030	83.000000	191.038025	75.235641	0.175581	0.410100	476.995605
02031	82.000000	138.772278	49.804432	0.212796	0.392758	444.829193
02040	84.000000	187.872635	86.938309	0.143370	0.427602	475.243469
02041	80.000000	171.430756	44.434124	0.384414	0.306570	445.140198
02050	86.000000	171.048477	83.715477	0.053783	0.471297	473.076447
02051	81.000000	119.966766	50.042221	0.000116	0.499259	436.953644
02060	80.000000	185.676346	62.574329	0.254773	0.368319	462.431061
02061	79.000000	132.690018	54.708584	0.202266	0.398438	440.721893
02070	82.000000	188.667938	76.760155	0.160483	0.417119	474.638397
02071	78.000000	151.361572	48.314869	0.281718	0.357452	442.013458
02080	87.000000	186.324661	68.156288	0.207417	0.393456	471.307007
02081	90.000000	147.681244	51.356041	0.223042	0.388022	445.294983
02090	84.000000	176.241074	83.519470	0.100753	0.447933	473.072021
02091	84.000000	150.811554	54.186985	0.286103	0.353924	447.496887
02100	79.000000	186.106644	68.959709	0.213410	0.390710	464.616486
02101	85.000000	153.606293	53.533859	0.215344	0.391718	441.704163
02110	81.000000	176.946304	73.397888	0.000000	0.490622	474.515015
02111	82.000000	133.505234	51.719505	0.271733	0.363340	429.953339
02120	87.000000	183.465851	87.607246	0.011083	0.491868	478.538147
02121	82.000000	146.752014	49.673660	0.213085	0.391711	443.386383
02130	87.000000	192.048111	68.646469	0.273359	0.362039	472.764282
02131	82.000000	156.240509	46.048210	0.371659	0.313052	440.875458
02140	85.000000	181.029831	76.136353	0.000000	0.496128	472.962616
02141	78.000000	147.954468	65.275024	0.118344	0.442445	442.038452
02150	83.000000	182.023117	71.728584	0.157254	0.420602	465.864380
02151	79.000000	151.131989	48.471622	0.292066	0.354637	431.569458
02160	84.000000	207.313416	67.705238	0.250604	0.370476	477.595428
02161	80.000000	158.270935	51.595814	0.286847	0.356022	442.653229
02170	84.000000	183.565521	82.618187	0.000000	0.497144	484.039581
02171	82.000000	117.418663	59.119160	0.014516	0.492659	443.395660
02180	83.000000	167.327835	77.852127	0.045670	0.475893	462.573608
02181	79.000000	158.971634	45.856064	0.346236	0.326074	437.816193
02190	81.000000	188.358047	62.837505	0.233125	0.381351	464.526550
02191	80.000000	141.537094	52.584175	0.165851	0.415879	436.248260
02200	79.000000	204.850296	87.864578	0.089956	0.454667	481.989044
02201	84.000000	157.320511	55.577770	0.153026	0.423177	447.468811
02210	79.000000	182.053009	84.575623	0.053724	0.473172	476.249481
02211	85.000000	145.342133	55.803349	0.147671	0.425971	439.509949
02220	81.000000	181.987656	79.959732	0.000000	0.495613	479.612610
02221	83.000000	170.003204	51.105316	0.279740	0.359053	448.670746
02230	81.000000	193.167419	76.714050	0.129097	0.432513	473.285919
02231	80.000000	142.893539	40.650776	0.389039	0.304978	430.498596
02240	87.000000	184.302948	77.187294	0.036952	0.479930	471.913086
02241	83.000000	149.508682	58.658520	0.193248	0.404030	442.850433
02250	84.000000	191.218582	71.194130	0.081289	0.451940	468.148926
02251	83.000000	156.816864	50.935230	0.243999	0.377260	444.121613
02260	86.000000	172.398148	77.197128	0.041142	0.477114	472.252106
02261	88.000000	165.223190	52.580189	0.313062	0.343019	446.610352
02270	83.000000	180.293854	85.377357	0.000001	0.501899	467.096466
02271	81.000000	125.062889	62.975880	0.070036	0.465868	439.641449
02280	81.000000	199.224869	68.128723	0.246559	0.374832	463.158966
02281	79.000000	153.260834	42.549202	0.313189	0.341430	433.601440
02290	83.000000	194.247711	73.871666	0.160911	0.417613	477.006744
02291	82.000000	181.727982	45.998924	0.296034	0.348945	450.777954
02300	83.000000	184.307632	66.221985	0.167968	0.411939	469.026093
02301	84.000000	151.856567	46.271721	0.219338	0.388353	447.855621
02310	85.000000	165.375687	64.336899	0.001423	0.497775	456.439972
02311	82.000000	140.414474	47.009956	0.303486	0.347205	439.799408
02321	88.000000	167.396042	47.172047	0.315537	0.340626	450.004028
02330	81.000000	176.222763	68.097443	0.024936	0.481709	464.008759
02331	80.000000	135.047729	36.931282	0.280108	0.358658	411.677185
02340	84.000000	201.435349	49.673149	0.297920	0.343085	471.031586
02341	84.000000	169.841690	59.206917	0.089168	0.456212	453.290009
02350	80.000000	173.150925	74.754425	0.102995	0.448048	465.659668
02351	412.000000	456.820587	55.628143	0.000004	0.499934	1063.958252
02360	82.000000	193.456879	64.104172	0.102556	0.446485	475.973236
02370	87.000000	191.079010	47.738743	0.121003	0.436583	473.311310
02371	423.000000	3178.691895	90.000000	0.986090	60730.171875	1110.962158
03010	85.000000	185.818024	47.434986	0.289691	0.352116	474.354095
03011	82.000000	150.540131	41.793743	0.154738	0.422331	435.959412
03020	83.000000	170.636566	48.888210	0.151638	0.419974	454.534180
03021	81.000000	148.237610	53.426903	0.194568	0.403483	437.583466
03030	83.000000	142.847275	72.477150	0.069038	0.465227	458.164886
03031	80.000000	139.136230	62.829708	0.159286	0.421609	438.106598
03040	85.000000	156.421295	57.721626	0.000000	0.493524	460.211609
03041	108.000000	160.662109	39.572544	0.377539	0.310335	447.023621
03050	83.000000	148.018082	69.557915	0.164597	0.416347	455.689362
03051	85.000000	162.780914	43.286278	0.360888	0.319373	437.613037
03060	86.000000	156.932831	66.489334	0.108331	0.445584	459.862091
03061	83.000000	159.658188	53.116257	0.304897	0.348347	439.229553
03070	84.000000	163.159729	53.223591	0.277557	0.357570	459.739807
03071	82.000000	166.566010	47.740089	0.382389	0.309308	446.309601
03080	83.000000	159.123474	64.261078	0.041428	0.476416	460.595703
03081	86.000000	164.079224	51.137070	0.238477	0.380466	446.511902
03090	86.000000	169.997116	48.177284	0.282610	0.353343	458.331329
03091	80.000000	160.066177	45.114128	0.321086	0.337978	433.303528
03100	83.000000	159.713013	58.036655	0.218386	0.389940	453.110657
03101	86.000000	161.640610	46.541828	0.281691	0.358802	435.699829
03110	81.000000	164.641632	58.984756	0.313349	0.342761	452.332611
03111	80.000000	147.521011	57.040462	0.150979	0.425778	435.000793
03120	82.000000	1432.882690	294.784119	0.999840	0.168352	2299.616943
03121	81.000000	155.339233	55.897743	0.168437	0.416016	442.611359
03130	86.000000	182.413773	61.978443	0.243977	0.376357	458.894928
03131	82.000000	169.442123	48.765575	0.335004	0.333518	441.246155
03140	83.000000	152.866562	56.171970	0.171331	0.412121	454.048737
03141	82.000000	171.588287	41.828873	0.359499	0.320531	429.932922
03150	82.000000	147.025726	65.039383	0.099086	0.450872	449.755554
03151	113.000000	160.137421	59.573372	0.156807	0.422428	471.916504
03160	84.000000	181.140549	67.034805	0.157261	0.420344	463.057037
03161	84.000000	170.246399	50.496529	0.355749	0.323035	444.407867
03170	81.000000	177.733490	65.111099	0.216742	0.390178	458.180328
03171	82.000000	162.602173	54.618950	0.283806	0.359414	442.778900
03180	85.000000	161.438065	62.851986	0.042260	0.475685	461.753235
03181	87.000000	146.662750	55.286610	0.128915	0.435876	445.727783
03190	85.000000	180.098969	66.479698	0.122293	0.436714	464.729706
03191	83.000000	152.608154	51.363297	0.183023	0.407999	438.680634
03200	85.000000	161.911560	52.616070	0.200186	0.396547	454.696930
03201	75.000000	163.730606	54.914387	0.284281	0.359052	434.475830
03210	81.000000	156.421768	64.108871	0.042149	0.477990	454.862274
03211	82.000000	155.061646	60.017212	0.116948	0.443219	443.888031
03220	77.000000	179.279877	62.221828	0.225572	0.385530	453.027008
03221	84.000000	165.843124	47.231499	0.327761	0.336145	443.566956
03230	85.000000	178.855209	59.999611	0.184697	0.405593	462.861725
03231	80.000000	172.353989	38.966145	0.387017	0.305622	440.201935
03240	84.000000	175.808975	54.126217	0.181470	0.406937	458.781982
03241	86.000000	161.052200	56.475788	0.226290	0.388578	437.584259
03250	80.000000	166.868622	59.101566	0.158168	0.417419	457.208160
03251	87.000000	154.843506	62.942871	0.117144	0.443929	440.722870
03260	85.000000	180.942566	56.811733	0.203676	0.393867	462.398865
03261	79.000000	155.028717	69.928841	0.129068	0.439133	446.229187
03270	83.000000	148.620605	64.882462	0.000000	0.499508	456.623016
03271	87.000000	160.538818	44.753986	0.086789	0.454112	450.541168
03280	85.000000	177.813416	54.672470	0.192024	0.400509	460.540192
03281	80.000000	141.644150	63.242851	0.106967	0.448089	440.178741
03290	77.000000	170.250351	66.236435	0.155911	0.422847	454.043854
03291	83.000000	169.719864	45.082298	0.350941	0.324250	441.967407
03300	84.000000	171.820740	59.889786	0.101381	0.446197	460.233459
03301	83.000000	160.849442	60.322769	0.208769	0.397173	448.541046
03310	85.000000	148.337692	62.913441	0.065662	0.466429	454.117920
03311	76.000000	159.250229	61.988464	0.172979	0.415193	439.258789
03320	80.000000	165.207489	73.816940	0.001760	0.495995	468.989777
03321	82.000000	160.987595	59.913181	0.184000	0.409141	451.963440
03330	84.000000	172.449799	67.487663	0.018625	0.488431	470.720642
03331	79.000000	182.200317	45.062092	0.392167	0.302178	447.817749
03340	85.000000	169.785385	54.171463	0.213154	0.389888	462.789642
03341	87.000000	158.883072	59.814884	0.181363	0.410471	446.285156
03350	80.000000	138.123795	65.911324	0.000000	0.499028	456.346924
03351	83.000000	173.617477	45.784763	0.356358	0.322843	437.448395
03360	82.000000	166.303726	40.795998	0.219956	0.385611	457.890656
03361	83.000000	140.647522	67.545616	0.062915	0.471181	444.221436
03370	82.000000	173.261368	45.590374	0.122916	0.436126	461.954468
03371	82.000000	176.901901	40.138149	0.204958	0.397583	438.882660
04010	78.000000	164.231369	47.943195	0.130527	0.429210	450.287140
04011	85.000000	168.059479	36.187206	0.312046	0.342975	446.351471
04020	83.000000	186.668991	68.319817	0.197123	0.398820	464.158569
04021	84.000000	146.412643	72.495689	0.013798	0.496037	450.438416
04030	83.000000	172.416901	72.461357	0.103728	0.445804	467.601074
04031	79.000000	161.277054	50.265915	0.336960	0.331427	440.536011
04040	81.000000	179.946732	51.643070	0.221348	0.384279	459.713440
04041	81.000000	155.163315	54.962570	0.190194	0.404624	447.026764
04050	82.000000	167.388718	67.994194	0.179609	0.407402	463.236328
04051	84.000000	172.907578	53.326733	0.263099	0.367126	452.965363
04060	78.000000	167.746582	88.008148	0.000001	0.501066	471.697479
04061	81.000000	164.846725	42.555717	0.372019	0.312142	438.711029
04070	74.000000	188.710098	53.088474	0.330634	0.329785	453.518402
04071	84.000000	155.396210	42.928059	0.277916	0.360313	431.812561
04080	85.000000	184.106720	59.550640	0.212470	0.388584	467.058868
04081	83.000000	184.527679	52.228767	0.279908	0.359606	451.495270
04090	82.000000	180.260757	66.545616	0.182513	0.404304	464.081238
04091	82.000000	159.521515	61.317089	0.111890	0.445520	449.984924
04100	83.000000	187.942978	63.434357	0.219595	0.385805	464.904236
04101	78.000000	152.388367	48.573620	0.230111	0.383748	436.302185
04110	81.000000	188.861847	64.849525	0.196368	0.398143	463.822784
04111	81.000000	167.719315	59.252338	0.218415	0.390928	448.167267
04120	80.000000	162.197174	63.568058	0.067511	0.463516	454.360687
04121	79.000000	156.304459	53.353489	0.185516	0.407416	436.482788
04130	80.000000	194.299820	63.539547	0.266679	0.360993	461.176910
04131	77.000000	172.306366	63.224613	0.244026	0.379243	449.943115
04140	84.000000	179.584717	65.009430	0.142995	0.424197	467.078735
04141	79.000000	139.039337	61.821846	0.152307	0.425059	438.524628
04150	88.000000	171.791763	64.928429	0.190839	0.402395	465.701416
04151	77.000000	185.404037	67.817696	0.207164	0.398528	454.355286
04160	79.000000	159.178040	84.010300	0.000000	0.499607	463.181396
04161	82.000000	158.947098	44.930023	0.318215	0.340459	442.351624
04170	79.000000	185.057541	77.107651	0.125441	0.433300	472.145020
04171	84.000000	165.981247	54.834003	0.283421	0.357900	450.562714
04180	87.000000	178.123734	67.858131	0.155999	0.418513	465.415894
04181	84.000000	163.943527	62.715126	0.124553	0.438698	451.015503
04190	81.000000	164.046173	75.148491	0.062223	0.466514	462.099640
04191	84.000000	153.396912	58.225891	0.224846	0.387549	449.889893
04200	84.000000	201.795670	60.669258	0.230532	0.377575	473.985565
04201	82.000000	144.544449	62.224255	0.101886	0.450286	441.019501
04210	79.000000	169.341782	48.289650	0.265153	0.363609	448.357666
04211	82.000000	153.405472	53.813881	0.235013	0.382423	441.568329
04220	81.000000	177.835953	58.907394	0.295193	0.348947	459.645691
04221	82.000000	168.234360	48.687405	0.359620	0.319451	445.477539
04230	78.000000	171.594711	80.625183	0.000000	0.498358	465.698700
04231	78.000000	159.020966	52.539070	0.212432	0.394085	440.509094
04240	79.000000	190.379654	69.249702	0.226859	0.383869	466.393982
04241	80.000000	176.180374	44.475914	0.357762	0.319976	443.671051
04250	79.000000	157.021683	79.394844	0.035065	0.481579	460.467743
04251	86.000000	144.423370	61.349220	0.134248	0.433746	446.529663
04260	81.000000	160.716553	78.278519	0.000000	0.497749	465.603180
04261	85.000000	106.951584	58.177711	0.011479	0.494473	435.213287
04270	84.000000	202.556885	58.587193	0.243971	0.370806	470.790192
04271	82.000000	156.439209	47.351944	0.285378	0.357253	443.456238
04280	81.000000	175.507019	74.047607	0.050463	0.471757	474.210175
04281	80.000000	177.377502	47.419376	0.351831	0.322832	447.926147
04290	79.000000	174.209808	63.127319	0.144170	0.424456	462.341492
04291	85.000000	159.035965	55.299690	0.283971	0.358067	448.775482
04300	84.000000	203.217697	67.221069	0.240359	0.376528	470.679260
04301	79.000000	167.006393	48.012703	0.362800	0.318263	440.494110
04310	82.000000	167.557236	72.391670	0.063481	0.466469	465.574585
04311	85.000000	155.772400	53.207993	0.253945	0.372957	442.723663
04320	81.000000	161.978165	79.114944	0.000000	0.494409	464.935791
04321	84.000000	158.308182	41.002121	0.378850	0.308890	440.392639
04330	80.000000	177.916489	54.675461	0.292964	0.349843	453.436737
04331	86.000000	143.832718	53.702328	0.000001	0.498468	448.782288
04340	81.000000	172.709595	71.484108	0.210443	0.393588	459.850403
04341	81.000000	161.691818	41.958538	0.299422	0.347029	444.314606
04350	84.000000	182.824875	70.762299	0.088290	0.452229	474.603027
04351	86.000000	152.522293	53.841736	0.213416	0.393166	446.677795
04360	84.000000	178.569473	74.170067	0.105233	0.445897	472.676880
04361	90.000000	162.351364	39.526749	0.344334	0.326583	446.385468
04370	76.000000	180.705353	58.342091	0.087250	0.454982	463.830414
04371	79.000000	168.130798	42.000114	0.167579	0.417075	440.697784
05010	84.000000	165.488312	53.133236	0.123458	0.433340	465.754242
05011	84.000000	164.875565	55.347214	0.199956	0.400890	446.264404
05020	82.000000	160.452316	70.877441	0.000002	0.496126	461.818024
05021	80.000000	136.754898	47.395412	0.178400	0.410170	429.182800
05030	84.000000	188.159561	67.791527	0.208006	0.394056	472.092957
05031	84.000000	140.714218	55.235374	0.234321	0.383674	436.636566
05040	83.000000	163.670349	56.074547	0.170306	0.410286	458.455719
05041	84.000000	153.943008	48.330994	0.270881	0.364238	437.359131
05050	77.000000	170.552277	67.795120	0.267770	0.364350	457.444916
05051	89.000000	139.527725	40.175880	0.269439	0.364575	438.290192
05060	83.000000	166.551849	67.743683	0.175267	0.410089	459.370483
05061	84.000000	144.524872	62.706047	0.085481	0.458359	447.733582
05070	77.000000	167.758377	85.998177	0.000000	0.499546	476.814819
05071	80.000000	169.686005	42.519478	0.435131	0.282204	439.291016
05080	86.000000	171.610733	72.275574	0.174987	0.409408	468.975922
05081	81.000000	133.533707	57.480293	0.177265	0.412439	436.773651
05090	84.000000	179.256989	72.195473	0.188056	0.402342	466.706482
05091	82.000000	146.368805	50.655022	0.289766	0.355694	430.766724
05100	85.000000	167.442001	66.035194	0.000000	0.494024	467.194580
05101	80.000000	162.760544	52.513424	0.283783	0.358168	442.288666
05110	80.000000	189.302170	72.012932	0.256361	0.369997	468.348328
05111	83.000000	121.850594	46.480133	0.176755	0.412520	412.097626
05120	85.000000	173.426804	72.121727	0.112768	0.440803	465.566650
05121	80.000000	162.652039	49.104092	0.290428	0.354933	440.081238
05130	85.000000	157.668381	72.629433	0.000000	0.497263	465.450623
05131	89.000000	157.535599	40.071655	0.386452	0.306230	440.295868
05140	82.000000	177.015579	63.301552	0.278163	0.357915	462.626343
05141	82.000000	160.053253	45.407249	0.405847	0.296873	438.045959
05150	84.000000	170.823181	69.279182	0.114847	0.439959	464.040070
05151	87.000000	157.370987	47.674019	0.319275	0.340365	444.442719
05160	80.000000	172.728943	74.834381	0.179798	0.407970	468.480133
05161	86.000000	170.624847	46.717991	0.373532	0.312940	444.922028
05170	79.000000	163.531403	73.546387	0.065527	0.465451	460.378998
05171	84.000000	151.895279	49.486160	0.279859	0.360324	435.830688
05180	84.000000	163.392151	70.245430	0.142150	0.427423	463.951355
05181	83.000000	134.483902	48.159687	0.153567	0.422830	433.242188
05190	84.000000	156.854294	65.604256	0.000000	0.495600	460.110962
05191	86.000000	151.076965	50.042645	0.274487	0.362811	443.092590
05200	82.000000	167.913589	61.978054	0.240825	0.375848	461.383514
05201	87.000000	156.344391	46.302544	0.295457	0.351730	441.067627
05210	81.000000	181.981995	73.418198	0.227002	0.385408	465.955170
05211	82.000000	152.230392	43.959286	0.365762	0.316863	438.360504
05220	81.000000	166.495590	69.144127	0.068903	0.460450	462.416351
05221	82.000000	151.344879	51.812790	0.165846	0.416806	439.713745
05230	88.000000	165.270752	71.535889	0.133251	0.431085	466.062561
05231	84.000000	143.651871	45.665577	0.223275	0.387683	440.455811
05240	82.000000	169.937531	70.101387	0.132325	0.432755	461.984467
05241	86.000000	160.227524	44.859653	0.374939	0.311935	441.391083
05250	78.000000	154.187775	88.044029	0.000881	0.501306	461.218018
05251	83.000000	141.448959	50.032013	0.255718	0.372405	436.676270
05260	82.000000	182.089493	62.670929	0.226406	0.384370	461.218933
05261	80.000000	176.074768	45.031223	0.406610	0.296649	443.153809
05270	86.000000	162.021545	64.113449	0.034111	0.479758	467.872070
05271	82.000000	152.799561	49.376400	0.285957	0.357114	438.807129
05280	83.000000	153.147415	62.018032	0.000000	0.491553	465.911407
05281	81.000000	130.699478	52.471409	0.000000	0.497939	438.249969
05290	85.000000	163.600296	86.295898	0.000907	0.498897	477.803040
05291	86.000000	128.079224	29.702168	0.419161	0.289634	426.921326
05300	81.000000	183.332611	53.086468	0.341166	0.325230	457.253265
05301	77.000000	126.003349	62.175957	0.075625	0.463108	434.158997
05310	83.000000	177.148315	66.338676	0.254078	0.368899	466.643860
05311	82.000000	135.793854	53.274143	0.253522	0.372905	436.112701
05320	77.000000	161.901947	85.572365	0.023790	0.487640	469.537018
05321	81.000000	138.824478	54.997654	0.203924	0.397832	438.546448
05330	81.000000	173.386612	86.935776	0.122762	0.438450	467.175720
05331	83.000000	154.300858	45.030998	0.380498	0.309105	439.541199
05340	85.000000	161.094864	65.128487	0.229613	0.383878	462.772369
05341	79.000000	151.427567	45.370773	0.376110	0.311620	436.120880
05350	85.000000	171.266663	57.535538	0.228597	0.381741	461.793457
05351	84.000000	143.840393	52.281868	0.192651	0.403534	434.906738
05360	88.000000	169.610611	66.944000	0.148173	0.423954	470.348450
05361	79.000000	145.126572	41.856201	0.302509	0.348089	430.257324
05370	85.000000	176.818802	45.247715	0.083825	0.453700	467.146790
05371	82.000000	125.976746	34.136158	0.232952	0.383678	428.887024
06010	82.000000	179.177292	47.328323	0.245084	0.373729	456.337097
06011	81.000000	161.293228	52.095860	0.232200	0.384501	445.684509
06020	85.000000	168.789047	59.625439	0.186077	0.404469	461.787231
06021	79.000000	135.704407	37.386692	0.379630	0.309225	431.348206
06030	77.000000	174.670563	74.831573	0.146202	0.425255	463.860901
06031	85.000000	160.922913	55.664993	0.235198	0.382832	446.623840
06040	78.000000	156.562317	79.960388	0.000001	0.498929	462.584137
06041	82.000000	135.491745	40.287704	0.367448	0.315840	429.457855
06050	82.000000	170.936691	68.120735	0.254038	0.369996	466.370361
06051	84.000000	161.941223	56.913074	0.246656	0.376957	448.224670
06060	79.000000	163.670120	77.452377	0.175149	0.411337	464.412231
06061	79.000000	195.601669	26.641745	0.494387	0.248220	447.387848
06070	81.000000	160.951447	66.857689	0.000000	0.494707	467.386841
06071	83.000000	178.239212	62.871056	0.130477	0.436238	456.895294
06080	79.000000	166.535675	82.873802	0.000000	0.497770	471.988892
06081	80.000000	135.770905	35.471493	0.437615	0.280402	428.521240
06090	79.000000	189.776260	75.316216	0.216231	0.389021	472.789062
06091	83.000000	179.676346	61.699409	0.217696	0.390286	456.839783
06100	79.000000	174.187988	68.757622	0.232580	0.381034	465.288300
06101	84.000000	130.217117	38.597195	0.344064	0.326509	434.179688
06110	85.000000	166.133835	76.995453	0.107390	0.445371	467.171234
06111	87.000000	159.104736	59.111927	0.150376	0.425340	453.518616
06120	81.000000	180.225052	65.255020	0.229791	0.381998	460.583862
06121	82.000000	136.129181	32.866680	0.440063	0.278482	423.675232
06130	85.000000	165.493698	66.177673	0.000000	0.496132	466.819397
06131	83.000000	162.220230	65.320961	0.157172	0.423496	451.280945
06140	84.000000	188.314041	71.304398	0.258745	0.367873	473.171051
06141	81.000000	124.642578	46.390717	0.106607	0.446517	430.673340
06150	78.000000	172.140549	56.266758	0.000000	0.485162	469.451965
06151	83.000000	172.351593	50.051594	0.291639	0.353497	446.901001
06160	78.000000	169.162842	86.734238	0.060626	0.469426	473.582764
06161	80.000000	129.836014	35.665031	0.389269	0.304935	420.095886
06170	80.000000	161.848190	83.281166	0.114884	0.442014	469.961975
06171	86.000000	166.070908	52.580376	0.271202	0.363819	453.010986
06180	84.000000	185.536926	67.300278	0.255484	0.368705	469.832947
06181	81.000000	166.161575	57.027847	0.264966	0.367693	447.466919
06190	83.000000	186.066345	58.573612	0.296424	0.348011	464.586975
06191	78.000000	149.096420	57.918316	0.226967	0.386228	443.042419
06200	84.000000	159.819504	72.243233	0.061016	0.467872	462.254791
06201	79.000000	132.283325	32.695766	0.391926	0.302974	426.905365
06210	85.000000	181.312073	70.266350	0.000000	0.492139	481.321716
06211	82.000000	152.341415	52.587463	0.313648	0.343513	442.246246
06220	83.000000	155.418045	96.205215	0.001444	0.504425	464.962982
06221	82.000000	171.589294	46.631508	0.387117	0.304770	443.972809
06230	85.000000	181.415588	68.782143	0.177780	0.408812	466.378082
06231	81.000000	179.755264	52.753590	0.335676	0.331783	451.636505
06240	88.000000	164.519028	66.383881	0.206615	0.394476	464.073425
06241	78.000000	139.439819	60.816181	0.121917	0.439419	442.265381
06250	80.000000	149.827545	85.465851	0.000001	0.499299	464.013824
06251	81.000000	158.276962	48.925774	0.381121	0.309417	441.747833
06260	80.000000	183.686630	60.849483	0.263202	0.364108	459.476318
06261	82.000000	179.363556	45.870205	0.410101	0.293729	448.279419
06270	79.000000	184.017487	64.047554	0.275144	0.358864	462.450378
06271	83.000000	142.743820	66.454506	0.140446	0.430886	448.555573
06280	83.000000	188.902740	57.513821	0.320360	0.335847	464.139008
06281	84.000000	156.483780	55.821308	0.231284	0.383308	446.569946
06290	84.000000	185.295319	57.741730	0.307677	0.342766	462.780914
06291	84.000000	156.813354	66.258827	0.172602	0.414185	453.557465
06300	78.000000	181.525528	55.964508	0.353032	0.320317	455.873077
06301	86.000000	160.943573	57.231010	0.212017	0.394980	447.303680
06310	84.000000	155.807388	74.997520	0.037841	0.479225	467.938873
06311	77.000000	149.953979	57.416744	0.227284	0.386912	443.008759
06320	78.000000	171.866348	72.579529	0.149118	0.423604	459.267242
06321	77.000000	138.735825	64.200348	0.149562	0.425861	441.590332
06330	83.000000	166.614914	69.358925	0.000000	0.494936	468.610229
06331	82.000000	144.773392	61.116814	0.000000	0.498890	451.520508
06340	85.000000	156.693863	77.242195	0.100714	0.449224	464.025543
06341	82.000000	104.678101	142.512512	0.001323	0.541395	443.595520
06350	81.000000	161.343964	76.605232	0.082093	0.457887	459.386536
06351	86.000000	154.606049	54.361938	0.276341	0.360910	452.198242
06360	82.000000	147.228012	73.350739	0.037143	0.480221	457.868317
06361	86.000000	162.955002	44.539204	0.388183	0.305544	445.654663
06370	80.000000	177.701126	55.615952	0.182303	0.405340	461.396545
06371	84.000000	161.284073	46.392879	0.224928	0.388027	444.589935
07010	92.000000	177.927521	31.753344	0.276246	0.357460	465.139526
07011	81.000000	146.224716	49.404617	0.175640	0.412905	437.394958
07020	83.000000	157.882294	45.562683	0.247224	0.372131	458.213135
07021	84.000000	157.873108	57.250774	0.306533	0.347696	446.529205
07030	80.000000	178.928085	53.803505	0.275995	0.358190	454.800690
07031	84.000000	155.489517	45.908180	0.383347	0.307694	444.676605
07040	81.000000	186.155151	58.993847	0.272872	0.361408	460.504456
07041	80.000000	154.746964	48.761997	0.279803	0.359329	436.057892
07050	86.000000	143.644897	58.297916	0.093671	0.450859	458.658936
07051	82.000000	127.727501	57.607788	0.103156	0.448923	438.917664
07060	83.000000	148.013092	77.123291	0.000016	0.499515	460.451324
07061	81.000000	169.930969	44.486542	0.375879	0.310753	444.458740
07070	82.000000	171.951889	57.284561	0.265514	0.364546	459.561890
07071	80.000000	153.651840	51.454853	0.352100	0.324421	439.517395
07080	84.000000	168.832886	61.755775	0.210215	0.392859	459.414917
07081	82.000000	147.213760	56.180771	0.151851	0.424346	445.268707
07090	89.000000	158.344559	68.938271	0.054415	0.469460	463.590729
07091	79.000000	159.292923	52.042679	0.363101	0.318599	443.510742
07100	90.000000	172.955338	58.190849	0.283937	0.356265	462.543884
07101	84.000000	143.796631	56.988136	0.217473	0.391631	440.653717
07110	91.000000	176.839371	56.240929	0.314757	0.340410	461.279144
07111	81.000000	164.036713	56.562679	0.257618	0.370604	451.732666
07120	82.000000	173.919128	63.100636	0.150154	0.422915	459.719543
07121	80.000000	136.574280	52.434711	0.000000	0.498466	436.079102
07130	86.000000	168.872818	57.978333	0.277435	0.359701	459.819427
07131	84.000000	149.655243	55.436478	0.223969	0.388469	442.271606
07140	85.000000	182.918243	70.034866	0.221120	0.389680	466.483795
07141	79.000000	165.948318	48.987900	0.334491	0.332451	442.165070
07150	81.000000	152.865097	67.051094	0.000000	0.498811	452.786224
07151	79.000000	145.552872	47.226074	0.246149	0.377007	431.844421
07160	77.000000	160.447571	62.778149	0.182226	0.407483	451.036713
07161	85.000000	148.678497	55.315262	0.238804	0.381180	438.841614
07170	83.000000	187.244278	62.320969	0.204392	0.395066	463.409882
07171	83.000000	145.117279	59.605354	0.169783	0.416216	440.279846
07180	83.000000	182.597519	68.683655	0.120944	0.436955	466.904510
07181	84.000000	142.210083	50.822544	0.160615	0.419838	436.430939
07190	84.000000	159.610733	46.607777	0.216398	0.388001	449.902618
07191	80.000000	176.852417	45.481064	0.391786	0.302261	445.948486
07200	85.000000	155.390656	59.711571	0.118388	0.438298	454.936981
07201	85.000000	151.769638	52.654037	0.280853	0.359914	435.774567
07210	82.000000	166.632080	61.478405	0.223791	0.386641	453.001678
07211	83.000000	155.625000	43.246601	0.370073	0.315002	434.638611
07220	88.000000	156.954178	58.302635	0.000000	0.494022	461.928375
07221	81.000000	145.514282	46.885803	0.246148	0.376682	432.999451
07230	84.000000	173.385330	51.990738	0.246779	0.374225	455.824799
07231	82.000000	149.131744	49.692955	0.219370	0.390135	436.672241
07240	84.000000	168.274536	59.865974	0.194887	0.400500	459.370117
07241	85.000000	156.028702	38.810719	0.414946	0.291543	438.107971
07250	82.000000	176.818192	50.778820	0.274261	0.358893	457.280426
07251	80.000000	159.447281	46.641384	0.375898	0.311245	439.586517
07260	87.000000	171.670288	36.893219	0.070118	0.458779	459.122620
07261	82.000000	115.623566	57.711693	0.000000	0.500572	434.756714
07270	82.000000	171.240921	57.197418	0.256999	0.369429	453.443115
07271	119.000000	159.825790	43.296375	0.385853	0.306359	462.897217
07280	84.000000	178.423706	76.480843	0.135065	0.432609	466.228241
07281	104.000000	157.396149	49.249798	0.239527	0.379630	460.181580
07290	80.000000	156.087311	67.251823	0.105370	0.446945	453.809937
07291	97.000000	2198.122070	1030.806396	0.000102	13.425782	448.222015
07300	82.000000	169.251053	58.953518	0.223310	0.387139	453.464142
07301	84.000000	157.873032	51.782608	0.252223	0.373835	444.478546
07310	83.000000	149.599274	72.913109	0.000001	0.497654	459.589691
07311	82.000000	146.080795	49.218502	0.292146	0.353108	440.444702
07320	86.000000	176.891754	56.803493	0.309396	0.343650	456.283508
07321	80.000000	136.656204	36.072033	0.319177	0.338862	431.877472
07330	87.000000	195.699951	54.524975	0.398443	0.297841	465.365356
07331	81.000000	171.263809	50.087906	0.343609	0.327384	444.485016
07340	80.000000	164.523102	53.070290	0.179945	0.407649	455.347504
07341	83.000000	149.834488	50.908981	0.322642	0.338964	434.174011
07351	84.000000	156.785934	42.609634	0.382333	0.308145	435.488281
07360	85.000000	173.723114	58.797062	0.130655	0.433041	467.966309
07361	84.000000	144.225403	36.102886	0.208040	0.394754	429.084381
07370	85.000000	166.738419	29.109135	0.147925	0.419701	456.504303
07371	84.000000	174.252380	47.891632	0.263068	0.370850	442.649811
08010	87.000000	175.789795	55.061127	0.129748	0.434626	470.033325
08011	87.000000	151.003830	35.953800	0.327499	0.335732	433.589996
08020	84.000000	191.325546	60.177711	0.188585	0.401881	467.561340
08021	83.000000	137.157715	48.457817	0.248485	0.375534	439.645752
08030	78.000000	166.392838	60.192081	0.173118	0.411440	458.772827
08031	85.000000	148.154282	44.462475	0.320391	0.339650	436.487122
08040	83.000000	192.846481	55.681904	0.267556	0.360323	464.952545
08041	83.000000	129.513046	51.408424	0.000001	0.499760	440.464630
08050	80.000000	175.960403	65.928696	0.186203	0.405028	456.381042
08051	81.000000	173.285172	41.451004	0.317231	0.340275	441.965363
08060	80.000000	178.168854	75.053482	0.175581	0.408575	465.967896
08061	78.000000	142.648392	53.894325	0.236891	0.381996	435.879272
08070	86.000000	165.433929	73.630341	0.099964	0.448671	469.776550
08071	82.000000	145.334946	60.402878	0.094703	0.453970	443.685638
08080	83.000000	198.383636	58.444698	0.325511	0.333098	467.239380
08081	83.000000	131.072174	40.029945	0.233817	0.382121	427.708984
08090	81.000000	155.798615	75.037491	0.000017	0.497552	462.770264
08091	86.000000	185.878174	55.594318	0.229943	0.383929	457.526337
08100	84.000000	206.735458	88.132385	0.169218	0.415923	495.078400
08101	82.000000	125.979713	54.496548	0.000001	0.499423	432.305542
08110	84.000000	167.450851	67.526314	0.189353	0.403491	462.385651
08111	83.000000	137.500778	64.765114	0.060805	0.471250	442.258209
08120	80.000000	188.569733	81.090309	0.140749	0.428332	474.696991
08121	82.000000	133.723953	47.983223	0.085057	0.456842	425.599121
08130	79.000000	191.405670	59.745495	0.319916	0.339262	459.986877
08131	84.000000	173.474319	68.767647	0.194001	0.404726	456.516937
08140	80.000000	203.175888	63.114582	0.299888	0.347784	468.346741
08141	77.000000	143.015427	45.397537	0.315522	0.341607	436.215027
08150	79.000000	174.300949	63.807831	0.219802	0.388199	455.269806
08160	81.000000	197.796783	63.292828	0.299627	0.347165	466.019165
08161	83.000000	146.357910	42.766701	0.217692	0.389502	442.355194
08170	85.000000	178.786499	63.215206	0.182491	0.405488	464.355988
08171	85.000000	158.961044	65.505775	0.150880	0.425155	455.133026
08180	85.000000	155.871933	79.317307	0.076751	0.461758	461.786377
08181	86.000000	143.195709	51.252953	0.223779	0.387412	436.940857
08190	80.000000	175.994858	57.139854	0.270626	0.362041	450.386597
08191	81.000000	147.571259	47.346848	0.106193	0.446581	436.416229
08200	82.000000	169.966782	65.032310	0.222463	0.387410	459.700958
08201	84.000000	152.718765	38.570717	0.361911	0.317875	438.597351
08210	84.000000	165.848480	55.369690	0.221698	0.385171	457.602966
08211	79.000000	142.503342	47.679840	0.196285	0.401268	436.117920
08220	82.000000	167.888855	66.469818	0.000000	0.495631	461.251617
08221	79.000000	135.924011	56.433521	0.053581	0.472853	440.303436
08230	83.000000	164.023972	71.105095	0.153007	0.423352	459.628265
08231	110.000000	153.786118	42.298248	0.256368	0.371269	458.551392
08240	85.000000	183.205063	53.005783	0.301819	0.346239	460.207886
08241	83.000000	151.725098	41.074944	0.336723	0.330769	435.720459
08250	81.000000	154.335571	88.355980	0.007020	0.501067	462.674072
08251	83.000000	145.380829	50.601494	0.198598	0.401010	433.497742
08260	80.000000	182.517899	61.676735	0.266152	0.363969	457.869904
08261	84.000000	146.485260	45.574516	0.229604	0.384723	442.733337
08270	84.000000	187.320862	75.495430	0.053835	0.471626	472.663361
08271	85.000000	131.836975	51.006443	0.120810	0.439314	437.145386
08280	80.000000	180.843781	59.732548	0.236667	0.379194	458.950317
08281	78.000000	145.543121	46.711285	0.289212	0.354555	431.691528
08290	82.000000	145.541885	63.168549	0.000000	0.496375	455.025085
08291	74.000000	150.875748	43.273148	0.355402	0.322227	430.137329
08300	82.000000	171.310455	62.451309	0.218039	0.387576	459.389313
08301	83.000000	147.609894	53.862659	0.253942	0.374229	438.130768
08310	77.000000	169.444870	74.536606	0.223702	0.386074	460.445190
08311	86.000000	152.594604	46.499744	0.261168	0.368403	437.054352
08320	82.000000	119.390938	76.302269	0.000197	0.498703	458.348846
08321	80.000000	155.917389	41.289371	0.376552	0.310591	435.412109
08330	87.000000	140.008118	84.491631	0.000038	0.500754	468.227203
08331	84.000000	153.862885	44.664261	0.330043	0.334630	435.061340
08340	79.000000	176.503067	64.534019	0.323174	0.336877	456.151550
08341	82.000000	156.664474	39.372017	0.383594	0.306477	441.829010
08350	80.000000	171.816055	69.173889	0.256238	0.369243	463.851685
08351	84.000000	140.399887	47.822456	0.108703	0.445114	443.884552
08360	81.000000	146.794830	86.281654	0.000000	0.501385	465.107452
08361	84.000000	155.091782	38.044598	0.407051	0.296041	436.548004
08370	86.000000	180.880295	55.798790	0.032320	0.475538	470.927216
08371	84.000000	147.932358	39.751896	0.179180	0.409909	434.965790
09010	81.000000	172.884583	31.491678	0.198682	0.394548	459.246307
09011	84.000000	168.159698	42.349987	0.255822	0.371882	449.855835
09020	81.000000	162.376953	53.075462	0.129306	0.432661	454.899170
09021	81.000000	161.640213	44.793167	0.400895	0.299902	434.408630
09030	81.000000	168.098495	53.731091	0.109294	0.441076	459.734009
09031	84.000000	158.279251	55.264473	0.261746	0.369982	445.690582
09040	80.000000	177.884048	51.897030	0.206430	0.392853	456.397339
09041	80.000000	160.866882	46.213924	0.389396	0.304721	440.794342
09050	79.000000	177.203537	59.936634	0.156880	0.418706	460.419708
09051	81.000000	164.801422	46.066135	0.417103	0.291430	437.406982
09060	81.000000	188.533417	52.756561	0.233474	0.379313	460.141632
09061	81.000000	155.961578	46.982929	0.317518	0.341522	436.998688
09070	76.000000	166.168716	44.582253	0.187146	0.402370	446.837433
09071	77.000000	162.712921	41.037422	0.434157	0.282807	432.445801
09080	80.000000	193.310150	52.270527	0.241569	0.373487	458.314423
09081	80.000000	183.019958	46.815979	0.332259	0.333188	447.103668
09090	82.000000	166.323303	51.999577	0.149389	0.420967	454.453247
09091	85.000000	148.722336	40.540771	0.398268	0.298975	435.997925
09100	80.000000	181.877518	50.862537	0.214564	0.388120	459.991913
09101	82.000000	153.516754	58.697655	0.300144	0.350557	443.475067
09110	80.000000	184.840073	59.290756	0.185538	0.404141	457.689117
09111	86.000000	165.800049	45.523670	0.371953	0.314588	431.402161
09120	84.000000	168.673660	68.464859	0.048799	0.475122	461.672699
09121	84.000000	169.526703	42.554745	0.407958	0.293804	442.728424
09130	82.000000	178.516983	61.009449	0.175894	0.410602	459.979187
09131	83.000000	144.088028	34.500854	0.395390	0.301369	431.980072
09140	82.000000	171.994949	63.712566	0.154919	0.421115	457.862701
09141	84.000000	158.083344	43.857162	0.391039	0.304002	438.235687
09150	86.000000	170.096634	59.819473	0.147313	0.422086	461.270081
09151	81.000000	162.553864	55.395313	0.271801	0.364882	447.974335
09160	83.000000	230.742630	65.201286	0.084567	0.453998	488.944824
09161	80.000000	155.138458	49.688751	0.306689	0.347491	430.020081
09170	79.000000	178.382477	52.557381	0.273530	0.359805	454.467102
09171	80.000000	141.219727	36.020370	0.397461	0.300954	419.798889
09180	82.000000	170.053223	54.102413	0.187245	0.402074	455.110718
09181	82.000000	148.933228	57.362537	0.182275	0.408979	439.079803
09190	88.000000	173.432602	56.657482	0.152329	0.419726	462.874268
09191	85.000000	168.602432	47.988560	0.334069	0.332360	442.224091
09200	80.000000	183.598648	60.603516	0.187587	0.404078	458.440643
09201	82.000000	191.740601	50.535645	0.318478	0.340022	452.823334
09210	79.000000	177.240753	48.672081	0.292148	0.350529	451.177673
09211	84.000000	176.450653	42.594639	0.377476	0.312023	435.757996
09220	80.000000	179.879532	47.786263	0.305498	0.342298	453.376709
09221	85.000000	197.600128	47.816196	0.304943	0.345654	455.562622
09230	82.000000	167.793304	59.656380	0.103706	0.445139	456.230865
09231	79.000000	155.710999	58.737587	0.144202	0.429265	440.757568
09240	83.000000	185.752411	52.861683	0.281682	0.356017	457.439514
09241	86.000000	146.206787	54.897606	0.164969	0.418209	442.686707
09250	131.000000	163.685104	57.438164	0.125908	0.435108	490.064392
09251	79.000000	158.063736	51.486736	0.318989	0.340904	442.176422
09260	135.000000	180.467026	60.455437	0.241204	0.377892	502.409454
09261	82.000000	164.675858	49.417946	0.378534	0.310766	441.747681
09270	81.000000	178.948685	49.471058	0.192128	0.398204	454.398163
09271	80.000000	160.686340	54.254200	0.322199	0.339700	441.634613
09280	84.000000	184.541336	54.516968	0.264816	0.363848	458.499054
09281	80.000000	157.229156	54.898975	0.389502	0.305300	433.865570
09290	130.000000	164.391541	64.077698	0.209080	0.393910	497.396973
09291	79.000000	177.500885	41.915321	0.428524	0.285790	438.826660
09300	82.000000	170.372314	72.051987	0.109008	0.446299	459.583679
09301	78.000000	158.171677	54.471935	0.337626	0.332083	440.846558
09310	128.000000	160.597687	68.302170	0.000003	0.495453	504.856506
09311	82.000000	157.482834	55.522568	0.340297	0.329496	446.183807
09320	80.000000	151.487610	72.701126	0.062784	0.469511	454.979645
09321	80.000000	172.009171	43.785030	0.390912	0.303534	441.051971
09330	80.000000	155.037125	55.405796	0.131439	0.432269	447.509979
09331	107.000000	135.381058	71.133728	0.000002	0.501374	469.758453
09340	81.000000	149.335892	60.398731	0.069259	0.464182	449.505768
09341	81.000000	168.792679	38.730846	0.438182	0.279722	431.423828
09350	81.000000	184.113770	52.043102	0.291197	0.351000	456.278656
09351	79.000000	171.105469	47.633415	0.389726	0.305340	439.982208
09360	109.000000	171.777451	50.095676	0.228135	0.382250	486.695618
09361	85.000000	164.754517	34.418461	0.469616	0.263341	439.925507
09370	85.000000	172.615967	42.055721	0.232537	0.380474	458.015228
09371	83.000000	168.204590	38.765858	0.239839	0.377657	439.927216
10010	81.000000	177.601364	44.703785	0.139737	0.425760	459.235474
10011	81.000000	168.073425	47.206146	0.221199	0.390862	440.509247
10020	86.000000	166.716080	63.227676	0.046569	0.472757	463.762299
10021	86.000000	159.770950	49.040764	0.238138	0.380797	446.093109
10030	79.000000	168.328094	78.937813	0.000000	0.499910	465.839478
10031	82.000000	167.980194	40.850632	0.380553	0.309258	438.507996
10040	79.000000	158.634064	71.125137	0.061808	0.467256	456.422455
10041	80.000000	160.900909	48.668705	0.326256	0.336703	435.531860
10050	84.000000	201.582596	57.898537	0.304012	0.343821	468.327728
10051	79.000000	140.008041	60.520115	0.180524	0.411051	436.994965
10060	84.000000	164.993195	72.536362	0.026482	0.484545	462.147827
10061	83.000000	165.921417	51.987461	0.326026	0.336880	448.837769
10070	83.000000	180.418655	68.873108	0.088039	0.452477	467.232086
10071	83.000000	153.113403	61.607513	0.172971	0.414609	448.333344
10080	82.000000	179.744690	78.831299	0.036360	0.483221	467.584137
10081	84.000000	162.450409	53.965523	0.267211	0.367284	446.129272
10090	137.000000	179.265244	64.100601	0.211470	0.391520	509.480713
10091	87.000000	150.411957	62.369705	0.168781	0.415350	451.583649
10100	83.000000	157.829758	74.702385	0.015314	0.492094	460.430115
10101	81.000000	161.715088	58.058140	0.240442	0.379966	446.120117
10110	89.000000	174.618958	69.944534	0.000000	0.495806	473.576508
10111	81.000000	159.014328	55.474033	0.234338	0.383465	446.113312
10120	83.000000	183.541183	78.615852	0.000004	0.498640	476.607697
10121	87.000000	130.624390	67.605820	0.066338	0.467382	450.784332
10130	84.000000	174.222092	46.547760	0.228155	0.381421	455.059418
10131	80.000000	173.004684	49.444450	0.332380	0.333800	444.508026
10140	81.000000	195.227707	60.693165	0.182721	0.405036	467.752777
10141	77.000000	162.065338	49.177628	0.341555	0.330341	438.383789
10150	85.000000	188.287064	60.039410	0.208219	0.394164	460.758545
10151	87.000000	144.045944	47.885105	0.157639	0.421024	439.395721
10160	77.000000	174.449585	68.719170	0.122330	0.439403	455.298584
10161	83.000000	170.708115	45.838772	0.398727	0.300459	443.646393
10170	82.000000	179.587234	53.326992	0.189705	0.400955	459.758820
10171	81.000000	156.488800	58.809879	0.241353	0.380510	444.530334
10180	84.000000	178.509064	67.184860	0.093212	0.451679	462.639587
10181	81.000000	167.759247	52.242104	0.340208	0.329626	444.760895
10190	82.000000	172.694138	65.509186	0.033841	0.478474	462.902802
10191	85.000000	145.900177	53.318012	0.204299	0.397180	444.039642
10200	84.000000	197.965012	65.502487	0.231501	0.381179	468.298798
10201	85.000000	170.356888	49.196846	0.321442	0.339103	445.995575
10210	84.000000	179.726379	74.175827	0.040537	0.478362	468.262238
10211	82.000000	154.337265	43.939465	0.375869	0.311911	435.170349
10220	86.000000	190.933044	65.942978	0.195297	0.400425	468.204742
10221	80.000000	170.605164	47.675190	0.339776	0.330231	442.323761
10230	89.000000	201.733032	78.865974	0.116740	0.441860	482.309662
10231	80.000000	164.963043	42.298679	0.370440	0.314088	436.094635
10240	81.000000	178.137283	78.664818	0.048954	0.476255	468.042969
10241	84.000000	170.302841	51.447109	0.288959	0.356350	448.145721
10250	107.000000	198.636108	65.838921	0.114271	0.439614	488.732880
10251	78.000000	169.973984	44.210968	0.327658	0.335212	440.271027
10260	83.000000	197.852600	56.699425	0.266226	0.362552	465.284821
10261	82.000000	186.218628	42.993198	0.357908	0.318819	451.608521
10270	84.000000	181.394867	59.120094	0.201724	0.396599	461.936127
10271	86.000000	173.286438	43.875599	0.366680	0.316539	448.506500
10280	84.000000	203.680984	72.476494	0.142476	0.425114	476.721680
10281	84.000000	169.696106	56.295853	0.306103	0.346725	452.848541
10290	81.000000	178.331223	60.603382	0.000000	0.494809	463.416077
10291	80.000000	170.279236	45.327972	0.358660	0.320764	443.460632
10300	84.000000	192.994858	70.318001	0.160080	0.418683	473.963715
10301	84.000000	165.672272	45.218052	0.404140	0.297795	443.833923
10310	83.000000	189.523712	56.415897	0.283208	0.354458	466.007538
10311	85.000000	159.341721	57.214287	0.312976	0.343099	453.562683
10320	87.000000	186.744949	73.651436	0.107466	0.444858	472.419159
10321	84.000000	166.404465	54.598721	0.263544	0.368266	451.329742
10330	84.000000	159.305054	64.692650	0.000002	0.496832	462.909241
10331	79.000000	176.347656	43.120033	0.428910	0.285413	441.155304
10340	82.000000	184.408417	81.914307	0.057025	0.471636	472.530670
10341	77.000000	157.867859	53.866081	0.300439	0.351638	435.418365
10350	86.000000	171.299286	61.835777	0.207247	0.394830	462.718689
10351	83.000000	145.367233	61.487431	0.218005	0.392270	437.317719
10360	79.000000	178.580505	60.462608	0.217363	0.388536	458.005432
10361	79.000000	179.296799	45.966782	0.337854	0.330993	444.073822
10370	107.000000	177.257141	52.260853	0.061914	0.465436	481.010101
10371	80.000000	170.376953	35.833138	0.302290	0.348121	440.176819
11010	82.000000	169.569626	48.883633	0.197593	0.398725	456.541382
11011	85.000000	163.632675	50.002163	0.106672	0.447056	445.661072
11020	78.000000	177.051453	62.100094	0.205055	0.397438	454.778625
11021	80.000000	174.873627	48.834858	0.429627	0.284877	445.929962
11030	82.000000	213.204041	62.743252	0.193148	0.400747	476.788391
11031	81.000000	153.642426	59.335667	0.207590	0.396945	443.993652
11040	83.000000	160.202103	62.521793	0.147202	0.423958	456.126892
11041	81.000000	154.872253	52.773026	0.268061	0.365991	446.009430
11050	84.000000	180.509506	55.484245	0.231038	0.379906	462.286438
11051	83.000000	161.664932	59.203709	0.326401	0.337052	450.315125
11060	83.000000	163.672913	59.335861	0.157737	0.419106	458.635254
11061	80.000000	149.114929	54.570850	0.234905	0.382028	445.630249
11070	81.000000	203.320572	76.875610	0.117178	0.440915	478.089661
11071	86.000000	148.943039	53.479076	0.000000	0.497236	451.620087
11080	84.000000	171.345642	66.364563	0.082008	0.457390	464.026062
11081	81.000000	155.981201	71.840065	0.134726	0.434867	450.879547
11090	84.000000	171.398056	68.013298	0.000000	0.495605	466.303802
11091	79.000000	187.134811	58.308296	0.373586	0.311271	453.689331
11100	83.000000	184.949081	56.267151	0.273197	0.360118	459.441101
11101	81.000000	172.693390	56.370293	0.379436	0.310266	450.623810
11110	81.000000	180.268600	62.271515	0.180926	0.407505	460.908478
11111	83.000000	167.413895	55.170181	0.261438	0.369465	450.311584
11120	84.000000	181.444168	72.458138	0.064553	0.465041	472.136780
11121	82.000000	138.157883	79.324562	0.007818	0.498894	453.111420
11130	79.000000	166.692047	63.176903	0.082434	0.454791	461.122437
11131	83.000000	167.422104	51.988110	0.364261	0.317880	449.815186
11140	83.000000	186.183945	55.787079	0.254920	0.368602	460.171204
11141	81.000000	160.522263	56.212559	0.287610	0.356211	447.384857
11150	80.000000	219.255280	65.127190	0.198020	0.398930	480.357422
11151	81.000000	164.835464	58.195499	0.286014	0.358159	446.642731
11160	82.000000	180.594360	63.212013	0.152936	0.419704	462.044922
11161	88.000000	174.926315	43.091267	0.393581	0.302144	453.532684
11170	80.000000	196.149261	61.295948	0.224661	0.384962	466.614990
11171	83.000000	176.493683	50.608864	0.316176	0.341451	449.212524
11180	80.000000	217.250854	67.288727	0.160061	0.415834	481.541077
11181	83.000000	165.040924	49.797634	0.368102	0.314977	446.980347
11190	83.000000	188.291061	60.741589	0.180318	0.405710	462.682526
11191	87.000000	173.266388	51.282074	0.349074	0.324283	451.790527
11200	86.000000	179.100388	60.836853	0.230721	0.382382	465.264008
11201	87.000000	161.034683	51.791565	0.292335	0.353566	451.143555
11210	81.000000	171.394394	73.524887	0.088481	0.454619	459.212555
11211	84.000000	173.867737	46.624447	0.382362	0.307663	450.269318
11220	82.000000	176.705078	72.996201	0.024969	0.486165	466.666687
11221	80.000000	164.066895	63.420906	0.233954	0.383171	449.735229
11230	85.000000	187.349625	58.613365	0.234900	0.379634	461.513519
11231	81.000000	165.093475	49.701160	0.338793	0.330085	445.159393
11240	87.000000	172.331131	70.312828	0.135963	0.430711	463.825928
11241	86.000000	145.431854	75.129997	0.073610	0.466075	456.903534
11250	110.000000	185.045181	64.787506	0.156319	0.419725	484.526123
11251	83.000000	141.381866	68.978676	0.159638	0.421945	445.192902
11260	79.000000	177.665314	67.277596	0.147557	0.425007	462.626709
11261	81.000000	171.669647	44.272076	0.394311	0.302447	443.366730
11270	109.000000	196.121658	52.948868	0.321423	0.335372	482.162811
11271	82.000000	159.905624	51.972420	0.257868	0.371215	446.764954
11280	90.000000	172.657242	63.927433	0.082433	0.455235	468.200653
11281	79.000000	165.039688	55.981461	0.338178	0.330632	444.580261
11290	104.000000	200.639313	52.277641	0.311014	0.339199	484.488434
11291	73.000000	177.016830	56.444256	0.360425	0.320012	445.811737
11300	97.000000	183.137817	49.568649	0.295692	0.349166	467.182800
11301	81.000000	151.316193	66.534225	0.153369	0.424891	449.777863
11310	107.000000	155.805267	71.210770	0.000009	0.498284	481.483307
11311	83.000000	152.143570	51.098087	0.246016	0.375576	450.881439
11320	106.000000	672.773193	27.378574	0.744628	0.684204	482.122894
11321	86.000000	163.538742	43.346947	0.436904	0.280227	443.247009
11330	81.000000	167.134415	75.743629	0.017742	0.490417	466.939240
11331	85.000000	153.898239	67.947479	0.143195	0.429515	455.460541
11340	81.000000	177.414062	67.030327	0.130020	0.432903	462.763092
11341	83.000000	166.625351	51.128994	0.314406	0.341613	452.354462
11350	108.000000	175.660507	65.974586	0.066206	0.463921	483.003906
11351	82.000000	150.194275	59.440670	0.219751	0.390727	445.708618
11360	89.000000	175.963821	68.807899	0.112829	0.443457	466.870148
11361	82.000000	163.905121	43.854382	0.395194	0.302461	435.309875
11370	84.000000	164.967682	52.135971	0.104257	0.444638	455.441925
11371	83.000000	161.306549	45.015015	0.219510	0.390738	442.961060
