00010	86.000000	182.903214	46.803745	0.141090	0.427239	455.317078
00011	82.000000	168.236832	45.116516	0.238029	0.378964	448.866394
00020	85.000000	181.496826	78.024757	0.026042	0.488179	469.809113
00021	80.000000	194.597168	65.350685	0.324211	0.338068	462.066467
00030	87.000000	186.948746	76.277771	0.063727	0.467334	477.219086
00031	86.000000	215.038895	71.433327	0.287280	0.358304	481.116669
00040	81.000000	179.280289	73.035858	0.000002	0.497754	471.277863
00041	82.000000	207.441696	69.518089	0.259543	0.371335	472.236603
00050	83.000000	204.041183	82.894783	0.033378	0.482323	490.306702
00051	83.000000	152.558182	70.357452	0.116823	0.442330	456.328979
00060	81.000000	174.202118	64.669899	0.092750	0.451156	461.839600
00061	81.000000	175.644348	55.428532	0.347642	0.324832	454.041260
00070	80.000000	189.545944	74.037979	0.135366	0.432674	470.866730
00071	83.000000	172.201218	72.772865	0.154526	0.424959	460.517883
00080	85.000000	179.961273	69.380753	0.094059	0.452335	466.586029
00081	89.000000	204.931641	57.121311	0.303665	0.347779	468.806885
00090	82.000000	214.440002	85.118088	0.106683	0.446137	506.660400
00091	81.000000	178.581894	69.225388	0.144499	0.424772	461.346130
00100	81.000000	206.257675	78.736427	0.071887	0.463508	493.911530
00101	82.000000	191.381500	73.461784	0.207541	0.397218	468.614746
00110	85.000000	236.011200	86.348053	0.145018	0.429663	524.024963
00111	81.000000	182.329834	80.017990	0.082530	0.462700	466.638306
00120	82.000000	187.382858	78.124062	0.087628	0.455396	479.462708
00121	79.000000	194.575195	68.065826	0.231166	0.385231	461.996338
00130	83.000000	187.397400	75.526497	0.080151	0.460072	472.530975
00131	86.000000	993.410767	35.999363	0.614767	63314.972656	509.753601
00140	79.000000	196.457291	71.332031	0.172168	0.413402	469.472900
00141	82.000000	148.143616	67.084900	0.168102	0.415564	450.968842
00150	76.000000	190.295456	57.065372	0.247290	0.372627	460.202148
00151	81.000000	170.060181	78.099754	0.000001	0.502433	463.083099
00160	84.000000	202.325882	58.445213	0.255509	0.369661	467.642609
00161	79.000000	191.193558	59.026707	0.296966	0.351646	458.331909
00170	83.000000	168.866669	74.998398	0.056609	0.471552	465.631287
00171	85.000000	193.419235	78.336670	0.116512	0.442496	477.658600
00180	84.000000	206.173950	81.338867	0.035143	0.482031	492.334076
00181	83.000000	183.645645	81.577026	0.039667	0.484810	470.059113
00190	84.000000	179.032013	64.136955	0.133791	0.430507	462.572754
00191	80.000000	166.073456	79.923309	0.020329	0.490874	462.673096
00200	77.000000	201.066315	77.470322	0.140111	0.429928	479.657043
00201	77.000000	163.520782	64.163292	0.278762	0.361194	450.565491
00210	88.000000	177.926819	76.175690	0.018919	0.490422	471.950928
00211	82.000000	186.202728	51.500389	0.331595	0.333893	454.801941
00220	81.000000	180.223755	71.229538	0.069911	0.463388	466.264862
00221	83.000000	166.604568	71.784210	0.163567	0.418889	458.945892
00230	88.000000	191.926193	70.469841	0.131160	0.433823	473.232513
00231	81.000000	179.972000	51.868206	0.348014	0.325492	452.285400
00240	83.000000	188.581818	76.597809	0.119564	0.440227	470.475525
00241	79.000000	194.169052	57.034767	0.342371	0.329021	455.581268
00250	84.000000	182.659393	68.953217	0.175025	0.410203	463.631256
00251	84.000000	189.576538	89.852509	0.092615	0.456684	486.939850
00260	85.000000	204.154816	82.044434	0.105301	0.447636	489.899384
00261	84.000000	207.060272	61.331184	0.318517	0.339977	468.819916
00270	83.000000	179.747467	57.882122	0.287748	0.354335	457.691223
00271	82.000000	190.055832	61.863708	0.274586	0.364099	459.790283
00280	85.000000	164.010437	67.805496	0.027763	0.484134	464.556152
00281	83.000000	174.558197	58.537392	0.287850	0.355491	454.483002
00290	87.000000	191.902588	84.847061	0.071871	0.465246	483.122223
00291	86.000000	189.865356	101.193016	0.000007	0.504444	496.344147
00300	79.000000	186.144287	77.540504	0.142373	0.429022	471.821960
00301	77.000000	215.018555	66.749916	0.315436	0.342395	472.861542
00310	131.000000	194.837784	52.639362	0.281513	0.354784	502.759979
00311	81.000000	178.923950	62.422909	0.273879	0.363942	453.372253
00320	83.000000	208.629929	70.808998	0.243122	0.377765	473.550385
00321	84.000000	193.405807	49.560265	0.355299	0.321248	457.414124
00330	79.000000	180.200821	71.942184	0.049924	0.473381	469.066559
00331	83.000000	121.561096	58.907486	0.258541	0.370430	447.448669
00340	82.000000	192.534821	61.742531	0.273179	0.360563	463.924377
00341	86.000000	204.888977	72.637627	0.150858	0.424184	478.492737
00350	83.000000	181.021423	67.909943	0.000000	0.496854	472.116882
00351	79.000000	200.462646	52.259705	0.404506	0.296580	456.508026
00360	83.000000	192.537491	57.385574	0.280094	0.358785	462.121368
00361	85.000000	203.410583	49.963867	0.332325	0.332305	462.071289
00370	80.000000	180.672485	59.553131	0.005245	0.497208	461.472351
00371	80.000000	231.991425	66.075600	0.186041	0.408790	481.005371
01010	81.000000	219.102478	49.951298	0.163388	0.411859	473.421082
01011	82.000000	195.476837	55.801979	0.117374	0.443757	458.165558
01020	83.000000	225.683167	92.550140	0.137254	0.437180	513.810425
01021	82.000000	193.836594	66.212173	0.202193	0.400597	462.541870
01030	83.000000	190.158325	71.206161	0.157268	0.418051	472.388153
01031	81.000000	169.635452	54.973572	0.244308	0.379187	445.687836
01040	82.000000	187.277664	79.800140	0.101588	0.448971	474.291321
01041	83.000000	194.733612	88.513290	0.000000	0.504138	483.109100
01050	81.000000	199.546280	86.783577	0.087712	0.459331	488.349304
01051	83.000000	181.720123	50.973839	0.312930	0.343201	452.937195
01060	87.000000	213.828217	78.042091	0.107126	0.444842	486.379913
01061	82.000000	173.975677	101.424545	0.006783	0.507989	470.107056
01070	79.000000	196.719604	85.282341	0.144540	0.429142	482.520782
01071	83.000000	174.071701	72.141426	0.095967	0.453736	459.981110
01080	88.000000	181.409348	81.266716	0.000000	0.500549	474.745239
01081	82.000000	179.363037	67.651520	0.088003	0.457067	459.848297
01090	81.000000	189.537140	78.434021	0.113455	0.441766	478.125763
01091	86.000000	191.357697	57.219158	0.289144	0.354268	460.569855
01100	82.000000	183.009354	81.390144	0.048972	0.475586	471.643250
01101	91.000000	209.474045	60.007084	0.288792	0.355312	469.681213
01110	79.000000	192.436829	89.443939	0.008160	0.496335	485.248627
01111	85.000000	157.106018	68.829567	0.000000	0.501664	456.110291
01120	77.000000	184.104553	84.414734	0.000000	0.498739	484.030487
01121	82.000000	183.579269	60.187130	0.203336	0.397840	457.933624
01130	86.000000	176.020752	86.967087	0.000005	0.499734	478.149536
01131	79.000000	182.980316	55.927128	0.265338	0.367625	451.549255
01140	81.000000	215.121399	70.086044	0.241103	0.377412	476.168823
01141	79.000000	197.089874	75.249092	0.117317	0.445505	466.762360
01150	80.000000	207.395325	84.835968	0.144861	0.427689	490.735992
01151	81.000000	164.670471	58.456734	0.145053	0.427968	449.455597
01160	81.000000	207.994354	69.652588	0.228158	0.383881	481.524567
01161	81.000000	192.299377	69.626503	0.184972	0.409440	462.673126
01170	84.000000	180.324539	79.732681	0.000000	0.497835	472.973846
01171	84.000000	162.771347	61.028061	0.159875	0.421751	448.919495
01180	82.000000	209.276566	85.083168	0.160467	0.419887	498.383087
01181	81.000000	129.095886	48.226364	0.390110	0.303878	436.607758
01190	80.000000	189.226212	72.928543	0.141180	0.428095	469.201202
01191	80.000000	206.728943	53.047188	0.313973	0.342411	459.498749
01200	81.000000	185.970322	76.234650	0.000000	0.497222	475.515533
01201	79.000000	200.260864	63.528126	0.256057	0.373246	461.483276
01210	81.000000	178.657806	88.161499	0.034181	0.483997	476.080078
01211	78.000000	196.516647	60.993145	0.249280	0.376078	458.617401
01220	83.000000	186.387802	75.715263	0.079140	0.459218	472.777252
01221	83.000000	165.559570	67.528831	0.130494	0.436393	452.327087
01230	84.000000	231.913483	183.184189	0.004323	0.622125	476.210358
01231	83.000000	169.070129	49.096909	0.239267	0.379844	446.135254
01240	88.000000	188.715546	73.078476	0.069158	0.463778	473.719910
01241	82.000000	196.528534	58.126041	0.285082	0.358273	460.104431
01250	80.000000	183.112122	82.231003	0.149508	0.428058	469.601990
01251	81.000000	172.038773	73.696136	0.098375	0.454308	456.110840
01260	76.000000	197.708313	65.210457	0.235355	0.380894	465.655365
01261	80.000000	199.938278	66.537056	0.237867	0.382640	462.324738
01270	83.000000	174.047928	78.329842	0.127753	0.433958	467.604248
01271	84.000000	193.855316	64.474762	0.242438	0.380025	462.158203
01280	87.000000	172.909439	72.615181	0.000001	0.498105	467.586334
01281	83.000000	164.337753	63.216576	0.155763	0.423135	452.468811
01290	83.000000	191.400223	70.846069	0.223775	0.386619	469.758698
01291	79.000000	198.271896	46.916271	0.335670	0.331163	454.164551
01300	81.000000	223.152420	86.406929	0.108329	0.447011	505.789337
01301	79.000000	186.185104	51.073177	0.299988	0.349959	450.532471
01310	87.000000	207.690353	75.956841	0.058887	0.466303	488.577911
01311	83.000000	185.187775	66.314362	0.163966	0.418970	459.229492
01320	85.000000	185.919403	81.745209	0.165058	0.418728	473.539612
01321	81.000000	186.130661	71.880936	0.156276	0.422631	463.988220
01330	78.000000	179.386185	79.599312	0.026151	0.484645	474.938232
01331	79.000000	166.588074	50.463467	0.221041	0.389877	444.126343
01340	82.000000	178.993713	75.645905	0.000000	0.496328	472.324402
01341	83.000000	188.792511	54.624008	0.294573	0.353373	453.506012
01350	80.000000	186.537399	69.835258	0.204096	0.395085	467.947876
01351	81.000000	150.704895	71.678749	0.001432	0.501873	451.275787
01360	81.000000	188.111328	77.225662	0.000000	0.496025	474.202087
01361	83.000000	192.325684	46.533718	0.328804	0.335069	452.160339
01370	78.000000	193.116425	52.358925	0.176648	0.407560	458.867554
01371	86.000000	177.879898	45.131817	0.198787	0.401352	448.654419
02010	83.000000	193.112381	52.929462	0.149516	0.421898	464.682831
02011	84.000000	130.678574	28.328575	0.278237	0.358242	447.871918
02020	82.000000	163.508072	66.208946	0.004376	0.495890	462.779388
02021	85.000000	178.558136	54.478378	0.219578	0.389510	452.002075
02030	83.000000	161.837540	78.661186	0.099109	0.451988	463.367493
02031	82.000000	163.828781	57.372963	0.120372	0.440212	449.113220
02040	84.000000	233.142700	88.685898	0.111241	0.444843	534.946350
02041	80.000000	185.147568	59.080303	0.247200	0.376471	456.608673
02050	86.000000	163.236465	68.956039	0.197100	0.399016	464.011719
02051	81.000000	127.718941	55.724037	0.000001	0.499808	437.072693
02060	81.000000	188.441345	55.484306	0.247518	0.370972	460.532410
02061	79.000000	171.070953	54.486294	0.256101	0.372503	446.827850
02070	82.000000	199.992889	69.777283	0.189771	0.403453	472.702820
02071	78.000000	185.261490	53.438732	0.240614	0.379454	447.162720
02080	87.000000	200.137878	87.841759	0.043054	0.479842	490.309540
02081	90.000000	195.586868	58.795837	0.175287	0.413303	463.791107
02090	84.000000	145.566010	89.952721	0.000002	0.498592	468.931213
02091	84.000000	179.646759	57.013447	0.228804	0.383442	457.774567
02100	79.000000	173.015640	75.714058	0.158046	0.419351	463.815247
02101	85.000000	175.510452	55.073887	0.188109	0.404033	454.242889
02110	81.000000	184.980118	75.696938	0.000000	0.493939	477.359802
02111	83.000000	189.867935	53.360424	0.238435	0.378867	456.394623
02120	87.000000	217.820786	100.155907	0.000000	0.501042	513.543945
02121	81.000000	199.591705	57.695042	0.149815	0.424439	459.522278
02130	86.000000	181.515289	73.211388	0.226333	0.386095	465.477997
02131	82.000000	179.793594	46.132343	0.279945	0.358041	448.640839
02140	85.000000	182.855865	65.460541	0.010016	0.487678	472.206635
02141	78.000000	181.984787	66.074524	0.173690	0.414351	454.979675
02150	83.000000	173.594345	74.005730	0.141167	0.428338	463.054993
02151	79.000000	179.618347	54.645351	0.248976	0.376008	448.429871
02160	83.000000	1061.153442	50.439594	0.540165	63377.425781	507.792175
02161	80.000000	203.546585	67.788162	0.123278	0.440356	468.576355
02170	84.000000	161.929581	80.638237	0.004672	0.495115	469.257111
02171	82.000000	158.119217	49.958416	0.190472	0.404027	444.137085
02180	83.000000	185.040588	67.997231	0.162417	0.416478	465.338196
02181	79.000000	182.526672	48.069366	0.284324	0.356972	448.987183
02190	81.000000	186.723740	69.461525	0.211413	0.394088	467.896576
02191	80.000000	169.070007	55.740704	0.143941	0.427656	447.444763
02200	79.000000	190.519608	89.991882	0.067570	0.466143	484.793488
02201	84.000000	172.190674	66.581703	0.051836	0.475442	457.493835
02210	79.000000	182.175735	92.654388	0.000001	0.500965	478.253052
02211	85.000000	166.367325	67.175903	0.079869	0.462907	453.175781
02220	81.000000	179.299744	77.860809	0.000000	0.495345	477.877869
02221	83.000000	193.027359	59.764294	0.211469	0.395833	455.885132
02230	81.000000	215.528671	95.593651	0.054700	0.475433	501.020142
02231	80.000000	180.050812	45.864487	0.244704	0.376029	448.103912
02240	87.000000	186.430740	78.135498	0.079492	0.459564	477.953094
02241	83.000000	182.724258	57.296394	0.160926	0.418123	455.283356
02250	84.000000	186.879532	81.927147	0.039851	0.478571	475.630829
02251	83.000000	179.350632	60.809742	0.176669	0.414074	452.152954
02260	86.000000	166.115967	86.267059	0.039153	0.482599	471.985046
02261	88.000000	189.287048	55.150909	0.262442	0.368119	460.363983
02270	83.000000	188.506744	73.246338	0.091369	0.452634	468.810791
02271	82.000000	177.405548	56.958168	0.189633	0.405355	452.013550
02280	81.000000	221.071274	75.609978	0.183898	0.403534	484.083557
02281	78.000000	165.804626	58.037518	0.188494	0.405442	447.208771
02290	83.000000	190.990784	69.059364	0.181675	0.405669	464.802124
02291	82.000000	188.602402	52.537975	0.301303	0.347815	454.949585
02300	83.000000	199.803558	55.844494	0.242500	0.373826	467.187378
02301	85.000000	160.658981	51.856838	0.217457	0.391565	444.187042
02310	84.000000	159.008759	66.071487	0.000000	0.497683	457.106873
02311	82.000000	194.469025	50.811478	0.245156	0.374803	454.655701
02321	88.000000	185.645493	54.315731	0.238160	0.379758	456.356964
02330	81.000000	190.761597	73.996994	0.022152	0.484785	474.510834
02331	80.000000	127.514435	32.574890	0.390699	0.303881	427.563660
02340	84.000000	189.191650	56.094746	0.381138	0.305956	464.620880
02341	84.000000	198.768692	58.760563	0.114815	0.443868	465.192169
02350	80.000000	170.676712	60.064045	0.228786	0.383301	459.618042
02351	80.000000	488.069611	65.778831	0.030939	0.355755	541.500366
02360	83.000000	178.049881	76.259766	0.000000	0.498976	470.065857
02370	87.000000	188.566025	47.701302	0.132740	0.428736	468.352112
02371	80.000000	172.042114	19.227613	0.007827	0.487519	397.563446
03010	77.000000	215.210464	48.232624	0.190790	0.402957	466.124664
03011	82.000000	180.209641	46.344040	0.129611	0.435814	447.832153
03020	83.000000	180.917862	65.011017	0.000000	0.497106	468.812592
03021	81.000000	164.651825	63.983932	0.031498	0.486078	449.303925
03030	83.000000	179.312454	72.280899	0.121061	0.438044	466.658081
03031	80.000000	183.782181	51.450462	0.247542	0.376092	447.656494
03040	85.000000	190.231476	61.611343	0.019328	0.485559	469.391541
03041	134.000000	186.906937	39.471352	0.316503	0.340541	482.441376
03050	83.000000	182.323257	75.009460	0.140342	0.431108	471.173828
03051	85.000000	168.428314	60.239208	0.155769	0.423172	453.897156
03060	86.000000	194.784317	57.377033	0.151610	0.420459	466.931091
03061	83.000000	189.059601	53.178875	0.278030	0.362040	454.053711
03070	84.000000	187.828079	57.162369	0.185761	0.403869	463.084778
03071	82.000000	190.068970	50.981319	0.312891	0.343504	452.084473
03080	83.000000	183.508362	69.011162	0.000000	0.496195	469.230865
03081	86.000000	168.725708	77.100533	0.016125	0.496608	462.433960
03090	86.000000	195.768814	47.999935	0.238881	0.373964	463.495575
03091	80.000000	173.066681	56.240700	0.186627	0.406592	445.519257
03100	83.000000	181.163437	58.528408	0.165385	0.415654	461.112915
03101	87.000000	170.553284	65.507416	0.082686	0.461459	457.393677
03110	81.000000	182.357666	67.178596	0.218023	0.390089	465.835144
03111	80.000000	176.988464	63.856720	0.173125	0.416896	452.924927
03120	83.000000	724.076233	83.135666	0.999712	0.000425	717.892029
03121	81.000000	176.242615	67.699341	0.061385	0.472216	455.221008
03130	86.000000	209.536606	63.570740	0.250155	0.371428	476.621063
03131	82.000000	191.921478	51.046959	0.273755	0.363473	453.961151
03140	83.000000	180.506424	60.756241	0.165955	0.414558	462.937805
03141	82.000000	190.504089	48.407009	0.253661	0.373846	447.453888
03150	83.000000	168.182266	69.356483	0.074818	0.462427	459.570953
03151	139.000000	197.346802	59.029705	0.219965	0.391044	494.126801
03160	84.000000	208.278229	78.933578	0.159631	0.422987	486.239471
03161	84.000000	194.059448	49.881882	0.290713	0.354633	454.688690
03170	80.000000	212.606842	56.845856	0.243846	0.373416	473.204346
03171	82.000000	186.901901	54.436043	0.264475	0.368889	453.431702
03180	85.000000	181.047882	75.846016	0.000000	0.499809	468.606110
03181	86.000000	175.963211	58.698521	0.165294	0.417975	452.028320
03190	85.000000	202.701233	84.607758	0.052651	0.476346	477.699341
03191	83.000000	175.337280	59.770348	0.145996	0.428885	451.117523
03200	85.000000	186.506134	56.438477	0.164437	0.413932	462.572266
03201	75.000000	193.289200	55.458046	0.251318	0.376474	446.971924
03210	81.000000	178.402374	75.883842	0.000000	0.502132	467.037323
03211	82.000000	186.206818	60.786926	0.121328	0.441392	455.015259
03220	77.000000	194.372070	79.659882	0.090755	0.457876	468.678314
03221	84.000000	184.351562	54.192322	0.251277	0.374778	452.960022
03230	85.000000	182.288300	81.240959	0.000000	0.499566	474.813293
03231	80.000000	191.549835	51.951382	0.290047	0.356385	451.702515
03240	84.000000	196.024414	64.942886	0.124016	0.437186	465.954834
03241	87.000000	186.736328	62.510952	0.185071	0.410802	456.175415
03250	80.000000	191.157501	66.649643	0.103591	0.445719	463.436890
03251	87.000000	177.940002	69.572418	0.060024	0.475960	454.564667
03260	85.000000	198.299683	68.551483	0.118210	0.439135	471.783875
03261	79.000000	183.545029	78.238441	0.086143	0.463229	457.439972
03270	83.000000	182.153412	69.601944	0.093666	0.453160	465.232178
03271	87.000000	175.299942	63.282867	0.000000	0.499747	462.287384
03280	84.000000	196.020584	66.727783	0.112389	0.439988	468.502167
03281	80.000000	175.475525	65.610153	0.154629	0.425879	450.548859
03290	78.000000	204.316086	58.580513	0.209182	0.393184	460.951050
03291	83.000000	190.330078	57.420990	0.259820	0.371720	455.960999
03300	83.000000	187.793213	84.795273	0.008899	0.495513	484.860718
03301	134.000000	197.120804	57.878757	0.280907	0.359706	499.335754
03310	85.000000	167.176392	70.077690	0.000000	0.498817	461.511200
03311	84.000000	164.328613	82.702255	0.005647	0.502436	459.275146
03320	80.000000	193.112961	82.393723	0.000000	0.497720	485.118988
03321	133.000000	200.103378	50.985889	0.283927	0.356320	499.500153
03330	84.000000	200.538086	74.546608	0.023561	0.484968	477.377258
03331	79.000000	206.402115	59.218788	0.288612	0.357007	463.807587
03340	85.000000	190.995224	69.157669	0.133049	0.432672	470.053619
03341	87.000000	191.785049	62.824444	0.190927	0.407086	459.209839
03350	80.000000	186.670441	56.038494	0.207049	0.394779	459.305450
03351	84.000000	188.450348	55.422817	0.259074	0.372250	453.675385
03360	82.000000	186.983307	65.541039	0.167092	0.416843	464.845795
03361	83.000000	188.022247	49.226742	0.236167	0.381195	449.592651
03370	82.000000	196.183151	45.179604	0.119800	0.435795	464.887695
03371	82.000000	185.501404	51.556305	0.124924	0.439049	454.050079
04010	78.000000	175.370651	53.522842	0.135459	0.428894	454.230804
04011	85.000000	188.853180	50.841324	0.170228	0.415138	457.824615
04020	83.000000	213.018936	77.790512	0.139932	0.429175	493.464508
04021	84.000000	174.542007	59.053871	0.161075	0.420028	452.771790
04030	83.000000	203.857986	81.237671	0.074722	0.461208	492.315430
04031	79.000000	191.150024	55.973995	0.260269	0.371131	453.821533
04040	81.000000	154.350555	59.299240	0.200242	0.397608	453.592529
04041	81.000000	160.846680	75.161354	0.000511	0.503855	453.012970
04050	83.000000	165.681595	86.493652	0.010008	0.495807	469.428467
04051	84.000000	182.689011	80.452744	0.055308	0.477031	466.714874
04060	78.000000	176.465973	85.404762	0.000000	0.497961	473.149078
04061	81.000000	186.253036	54.289211	0.273685	0.362520	454.385254
04070	74.000000	207.502808	71.890961	0.216059	0.389095	476.407745
04071	84.000000	156.563156	42.319530	0.299021	0.349431	440.234558
04080	85.000000	191.689331	62.673447	0.232803	0.378181	469.258118
04081	83.000000	207.363297	60.313164	0.225158	0.387849	465.725067
04090	82.000000	203.922043	79.104187	0.104140	0.445731	482.790985
04091	82.000000	184.855698	69.295784	0.096711	0.454095	463.037781
04100	83.000000	173.736938	59.003922	0.281961	0.355479	459.484375
04101	78.000000	171.571686	62.155659	0.142316	0.429952	451.752777
04110	80.000000	226.824356	73.909920	0.146375	0.422124	505.073792
04111	81.000000	187.791382	74.528046	0.108626	0.449441	464.219452
04120	80.000000	166.412064	67.904366	0.066573	0.464575	459.755676
04121	79.000000	187.461594	62.698406	0.135837	0.433444	455.071777
04130	80.000000	225.206375	73.928185	0.213010	0.390584	492.650330
04131	77.000000	211.105484	63.464100	0.214956	0.393725	461.473114
04140	84.000000	173.405777	70.892998	0.112152	0.442338	464.302155
04141	79.000000	169.488846	63.578278	0.153677	0.424300	448.496521
04150	88.000000	224.255325	82.882935	0.108455	0.443352	508.826843
04151	77.000000	221.647690	85.091476	0.117054	0.448794	491.063660
04160	79.000000	205.827347	86.638741	0.061175	0.469391	498.527069
04161	82.000000	186.210449	54.006306	0.235284	0.382466	454.142090
04170	79.000000	198.038269	86.821861	0.086740	0.456972	484.167145
04171	85.000000	198.899734	53.916512	0.308897	0.344941	458.648987
04180	86.000000	191.538727	69.164413	0.188874	0.400900	468.994995
04181	84.000000	183.691208	83.016701	0.000001	0.504835	472.531342
04190	80.000000	203.314774	85.560341	0.072869	0.462792	486.316986
04191	84.000000	192.302078	57.183899	0.241686	0.378560	460.551880
04200	84.000000	200.453781	64.001266	0.240799	0.375651	468.081757
04201	82.000000	174.062027	68.961128	0.116531	0.444446	454.961639
04210	80.000000	147.382812	45.916771	0.308548	0.342971	443.620331
04211	82.000000	189.381149	54.134804	0.247845	0.374795	455.416626
04220	81.000000	194.522171	59.453049	0.307249	0.343035	462.430695
04221	82.000000	203.461594	53.022278	0.276356	0.360615	461.543365
04230	78.000000	229.872253	97.355415	0.000000	0.497944	553.978882
04231	78.000000	181.259995	63.833836	0.167842	0.418143	454.015594
04240	79.000000	222.288986	77.337845	0.185850	0.403479	499.115326
04241	80.000000	199.432388	53.655933	0.296011	0.353320	455.034332
04250	79.000000	208.890762	80.806534	0.106986	0.444660	483.769470
04251	86.000000	186.117279	60.810310	0.179666	0.411446	460.717407
04260	82.000000	185.558304	96.004951	0.000003	0.501740	485.312103
04261	86.000000	160.824646	63.540424	0.107393	0.446541	454.953796
04270	85.000000	242.661835	81.915451	0.137037	0.427503	523.572998
04271	82.000000	172.514389	55.913921	0.213245	0.394070	450.221039
04280	81.000000	205.869522	89.685364	0.003069	0.495569	503.345123
04281	79.000000	202.915344	53.663361	0.303478	0.347692	457.517670
04290	79.000000	203.572754	79.897438	0.081492	0.458640	481.524689
04291	85.000000	190.895569	57.532791	0.237714	0.381720	457.331482
04300	83.000000	195.686295	85.098763	0.157520	0.420137	475.743835
04301	79.000000	196.248703	59.414684	0.261947	0.370336	457.400909
04310	82.000000	218.118423	93.979378	0.000001	0.497668	511.646973
04311	85.000000	185.432632	57.979725	0.208631	0.395035	459.317261
04320	82.000000	201.722733	96.809456	0.000000	0.500099	502.360931
04321	84.000000	201.750397	59.818035	0.198366	0.401650	463.315033
04330	80.000000	224.037643	72.454529	0.156987	0.417809	495.621582
04331	86.000000	166.334595	61.275383	0.000000	0.501029	455.564240
04340	81.000000	168.059158	74.381905	0.172944	0.412665	464.419159
04341	81.000000	182.549240	66.899994	0.157113	0.424213	457.237122
04350	84.000000	238.164856	95.785851	0.007464	0.493997	542.187683
04351	86.000000	189.315475	54.031055	0.250044	0.374749	454.514618
04360	84.000000	214.494186	94.066536	0.054132	0.473668	503.141693
04361	89.000000	188.973434	55.523148	0.250004	0.376115	457.149780
04370	76.000000	270.717468	52.964100	0.090069	0.445289	530.099609
04371	79.000000	192.071625	51.801498	0.133014	0.435469	454.033295
05010	84.000000	151.889023	49.914413	0.203778	0.395685	456.098053
05011	84.000000	200.426636	50.146645	0.244957	0.376910	462.546478
05020	82.000000	168.256241	69.033829	0.022544	0.485606	467.773102
05021	80.000000	175.453964	65.406784	0.092661	0.457136	452.810211
05030	84.000000	216.834717	64.755630	0.238749	0.377257	481.560394
05031	84.000000	172.157272	56.051876	0.229955	0.385007	455.858002
05040	83.000000	185.466064	62.913654	0.139691	0.426782	469.267670
05041	84.000000	181.162888	60.765991	0.221049	0.391707	457.332733
05050	77.000000	205.312943	64.261978	0.279178	0.355913	470.706879
05051	89.000000	151.893555	50.139656	0.155469	0.422148	449.995483
05060	82.000000	158.864746	78.983353	0.077870	0.460797	465.660828
05061	83.000000	170.291580	72.249184	0.037621	0.484221	460.502899
05070	78.000000	219.275635	97.859856	0.011316	0.496736	516.140259
05071	80.000000	194.160614	48.060383	0.358080	0.320873	451.032043
05080	86.000000	160.856277	98.250298	0.028050	0.489231	479.841797
05081	81.000000	161.890656	68.419739	0.117740	0.443845	449.096954
05090	83.000000	216.262848	78.185768	0.182777	0.405633	497.486786
05091	82.000000	167.119431	58.622513	0.238845	0.380092	451.641449
05100	85.000000	174.348373	66.091064	0.000000	0.493486	472.977966
05101	80.000000	184.352982	73.538139	0.140815	0.434130	457.432007
05110	81.000000	173.709991	75.235481	0.245761	0.376114	467.803345
05111	83.000000	140.373047	38.810863	0.341122	0.329173	430.314819
05120	84.000000	180.412781	70.206238	0.141736	0.427516	466.820221
05121	80.000000	190.068802	53.987316	0.244816	0.377732	453.977325
05130	86.000000	191.657364	83.327400	0.000000	0.496533	490.984894
05131	89.000000	168.829208	50.724731	0.254268	0.372896	450.790405
05140	82.000000	186.138641	64.453369	0.303796	0.345643	462.088531
05141	82.000000	194.509048	49.386913	0.336864	0.331385	454.621918
05150	85.000000	227.451324	90.682350	0.065673	0.467709	522.540771
05151	87.000000	176.540985	53.032673	0.276576	0.362065	452.529022
05160	80.000000	144.929703	71.031326	0.204481	0.395652	456.440338
05161	86.000000	197.751099	53.996937	0.286432	0.357701	460.042603
05170	79.000000	188.635345	83.584244	0.016813	0.491338	471.773651
05171	84.000000	172.164566	53.577480	0.218024	0.390711	452.658081
05180	85.000000	219.515350	83.814529	0.101848	0.448969	504.389801
05181	82.000000	161.387344	55.770164	0.088637	0.455593	449.822235
05190	84.000000	166.435715	70.283035	0.036317	0.478560	466.160919
05191	86.000000	181.998093	57.540890	0.235972	0.383151	457.004150
05200	82.000000	166.353287	68.624352	0.199207	0.399516	460.486145
05201	87.000000	184.031097	52.481056	0.256376	0.371884	457.846954
05210	81.000000	212.360184	68.794022	0.226452	0.383110	485.139496
05211	82.000000	172.253586	54.184437	0.277417	0.362197	447.999756
05220	81.000000	143.131287	69.231644	0.067721	0.465057	455.186615
05221	82.000000	169.650681	64.963181	0.076094	0.463013	456.903381
05230	88.000000	159.291290	77.397659	0.081877	0.458558	465.285950
05231	84.000000	156.759537	62.735542	0.059765	0.472160	449.866150
05240	82.000000	151.733490	64.414902	0.179579	0.408230	455.287018
05241	86.000000	188.571320	55.289478	0.264960	0.367854	457.909729
05250	78.000000	213.387512	88.799538	0.078183	0.462423	496.338074
05251	83.000000	162.751572	62.396683	0.125209	0.438704	453.045990
05260	82.000000	142.357437	73.986710	0.151439	0.424281	457.069153
05261	80.000000	194.194458	51.474407	0.333991	0.333452	453.850922
05270	86.000000	156.326355	66.690590	0.000000	0.496216	463.352966
05271	82.000000	169.090591	60.120159	0.196406	0.403557	450.953369
05280	83.000000	185.058456	73.240280	0.000000	0.494596	481.686371
05281	81.000000	157.489410	58.955933	0.000000	0.499865	449.669525
05290	85.000000	233.437836	93.585358	0.041833	0.479375	521.056519
05291	86.000000	148.230087	37.137321	0.261010	0.368627	437.021576
05300	81.000000	154.327377	63.814392	0.327008	0.335810	454.079315
05301	77.000000	151.593765	71.927582	0.057125	0.474114	448.841858
05310	84.000000	182.576859	70.456070	0.265416	0.365793	470.154572
05311	81.000000	186.799942	59.332787	0.221681	0.390201	455.751434
05320	77.000000	133.612411	87.883537	0.004131	0.499375	457.692200
05321	81.000000	175.402863	75.471046	0.068999	0.470334	458.186859
05330	81.000000	185.842194	77.584015	0.197176	0.399619	471.852325
05331	84.000000	174.461716	61.551247	0.231912	0.385684	454.006683
05340	85.000000	146.474045	61.101757	0.310683	0.343726	454.023956
05341	79.000000	189.291321	60.013863	0.241989	0.380012	457.067566
05350	85.000000	156.279785	75.011124	0.115454	0.440377	464.638947
05351	84.000000	165.882690	69.267792	0.095600	0.455244	455.267242
05360	88.000000	208.492203	73.663208	0.195436	0.401802	492.163666
05361	79.000000	166.588089	52.960148	0.184622	0.408591	445.841217
05370	85.000000	172.937622	58.313137	0.056881	0.470461	461.461792
05371	82.000000	152.418686	34.603344	0.293577	0.352823	430.971375
06010	82.000000	190.222183	50.507339	0.255558	0.369579	461.156036
06011	81.000000	184.225204	50.448429	0.244943	0.378492	452.354828
06020	85.000000	157.691711	65.058357	0.075216	0.460438	457.816193
06021	79.000000	157.741882	37.735695	0.341561	0.327776	430.921997
06030	77.000000	191.110794	70.167038	0.181622	0.407735	468.968323
06031	85.000000	184.357971	60.341400	0.222637	0.390847	458.404999
06040	78.000000	162.600266	77.944519	0.000000	0.499249	465.542053
06041	82.000000	161.531357	38.794369	0.339750	0.329281	438.579193
06050	82.000000	181.619598	63.773872	0.240311	0.375391	463.038177
06051	84.000000	171.790207	64.266151	0.176271	0.413444	455.021606
06060	79.000000	180.522888	68.356606	0.263273	0.366332	463.046814
06061	79.000000	188.000885	23.308849	0.593496	0.200434	441.568939
06070	81.000000	167.028534	65.150848	0.000000	0.494936	467.463470
06071	83.000000	176.914886	64.026299	0.112914	0.444937	458.005798
06080	79.000000	167.456024	86.251755	0.000000	0.498613	473.617523
06081	80.000000	158.839966	36.562824	0.362206	0.317740	438.334137
06090	79.000000	2613.427490	967.383240	0.000049	45.218723	478.493164
06091	83.000000	191.321838	63.797047	0.199198	0.400685	459.095856
06100	80.000000	177.629425	70.524460	0.193257	0.400534	464.152222
06101	83.000000	154.441315	38.878551	0.315591	0.340575	445.246704
06110	85.000000	172.741821	77.179794	0.127436	0.434327	471.113373
06111	86.000000	168.528671	61.927982	0.130784	0.435049	458.458374
06120	82.000000	180.822739	65.066437	0.264831	0.364173	466.733582
06121	82.000000	150.001663	37.015652	0.343771	0.326510	436.108276
06130	85.000000	168.067871	67.709785	0.000000	0.495603	471.554443
06131	83.000000	166.911575	53.474884	0.274599	0.362796	447.941223
06140	84.000000	191.330521	73.599190	0.230789	0.382360	478.078888
06141	81.000000	139.724487	50.525066	0.036519	0.481743	443.308929
06150	79.000000	176.052856	65.179764	0.000000	0.494675	467.935150
06151	83.000000	185.852982	59.430233	0.221938	0.389092	459.967438
06160	79.000000	189.550690	80.716179	0.149722	0.424401	479.197754
06161	80.000000	143.447723	40.702217	0.293602	0.352506	433.479919
06170	80.000000	181.190018	81.929642	0.184666	0.406539	475.571899
06171	86.000000	180.901093	53.217594	0.259027	0.369909	458.409943
06180	84.000000	192.323135	61.404327	0.290594	0.350433	468.834778
06181	81.000000	183.543564	61.451672	0.224521	0.388163	456.558350
06190	83.000000	170.741028	57.434494	0.290169	0.351342	459.124542
06191	78.000000	172.440277	59.848679	0.204209	0.397711	450.294617
06200	84.000000	162.520691	72.286018	0.059947	0.468424	464.415314
06201	79.000000	146.694839	38.634571	0.308880	0.344699	432.014740
06210	86.000000	189.059341	71.156715	0.000000	0.489744	498.823486
06211	82.000000	181.525681	48.129932	0.324308	0.337344	451.005554
06220	83.000000	186.569717	70.208748	0.218925	0.388320	474.689240
06221	83.000000	192.458450	49.580952	0.319515	0.338928	456.302185
06230	85.000000	178.540024	69.332108	0.177429	0.408449	467.157104
06231	81.000000	208.977783	57.379143	0.287518	0.356194	464.773376
06240	88.000000	188.622055	68.843254	0.241790	0.376388	473.961975
06241	79.000000	172.230988	60.619530	0.157464	0.422427	451.788574
06250	80.000000	177.582840	78.227005	0.135267	0.431871	472.167053
06251	106.000000	187.466141	45.663845	0.384490	0.306845	468.546906
06260	80.000000	188.372635	72.071266	0.251972	0.373544	467.396820
06261	82.000000	195.888519	54.449432	0.322994	0.338303	457.595062
06270	79.000000	188.536606	68.374550	0.252911	0.371949	466.000092
06271	83.000000	177.301575	63.125633	0.223844	0.388659	455.813904
06280	83.000000	190.587204	66.041824	0.297020	0.348024	469.023315
06281	84.000000	171.065414	59.938656	0.220286	0.390449	451.457275
06290	84.000000	181.736633	67.218079	0.257836	0.369746	465.960297
06291	84.000000	187.832001	74.793991	0.130059	0.436343	468.840729
06300	78.000000	179.333969	61.790646	0.302076	0.345316	459.755524
06301	85.000000	172.947144	59.179832	0.198113	0.402271	453.762634
06310	84.000000	158.024170	85.788834	0.000475	0.499326	473.185699
06311	77.000000	164.672150	64.152336	0.188916	0.405832	451.464355
06320	78.000000	180.929947	94.932541	0.000000	0.500622	496.928741
06321	77.000000	162.304138	58.310516	0.250017	0.374011	448.854828
06330	83.000000	170.503571	73.471176	0.000000	0.495507	474.906189
06331	82.000000	167.477524	68.377319	0.000008	0.501462	457.129974
06340	85.000000	180.103683	67.055672	0.208875	0.392740	471.614685
06341	82.000000	184.900711	50.430748	0.337980	0.331253	451.820435
06350	81.000000	182.260452	69.416077	0.165952	0.415263	469.068756
06351	86.000000	178.699615	65.364914	0.233117	0.383952	464.010101
06360	82.000000	168.270844	75.129219	0.119323	0.440298	464.013733
06370	80.000000	193.224243	50.089977	0.171891	0.410488	467.967957
06371	83.000000	166.105118	59.279472	0.236802	0.383915	454.250122
07010	84.000000	177.213272	42.261299	0.190692	0.400518	453.971893
07011	80.000000	175.718491	57.868805	0.140421	0.431191	452.470367
07020	83.000000	226.793488	74.028740	0.059053	0.472243	494.275208
07021	84.000000	198.610275	53.558552	0.339973	0.330039	455.716339
07030	80.000000	189.207779	62.252384	0.221722	0.387568	460.857727
07031	84.000000	180.380188	56.095539	0.274350	0.362525	450.751678
07040	81.000000	314.608429	88.792915	0.105979	0.447419	621.472412
07041	80.000000	170.727295	68.843132	0.184143	0.410955	452.663513
07050	86.000000	165.743286	63.675190	0.069497	0.463383	462.413300
07051	82.000000	158.726425	59.793388	0.145746	0.427789	446.719421
07060	84.000000	251.407745	93.330582	0.041218	0.483263	537.776733
07061	80.000000	191.529526	57.355728	0.286360	0.357918	454.405548
07070	83.000000	209.495041	64.492828	0.204466	0.394729	479.931763
07071	80.000000	170.426056	51.460949	0.380446	0.309607	444.298462
07080	84.000000	312.155518	84.676613	0.087523	0.455159	613.133118
07081	82.000000	175.623932	68.085762	0.106319	0.448815	453.628448
07090	81.000000	155.763748	83.000160	0.001163	0.497548	464.705505
07091	80.000000	190.901093	55.671047	0.322375	0.337738	451.767334
07100	85.000000	251.874298	78.930023	0.130533	0.435361	522.542969
07101	84.000000	178.298615	53.845551	0.249478	0.373926	455.495544
07110	83.000000	217.275269	88.499687	0.127797	0.438969	508.902313
07111	81.000000	191.497482	66.550987	0.215637	0.393993	458.264099
07120	82.000000	320.490601	103.942307	0.038393	0.485853	665.548340
07121	79.000000	162.119080	57.053524	0.011091	0.492322	449.180634
07130	86.000000	191.646561	59.681255	0.249037	0.370421	467.690308
07131	84.000000	170.998413	64.795319	0.153973	0.424983	452.475311
07140	85.000000	296.932709	106.503418	0.051257	0.482268	593.872986
07141	79.000000	206.305237	51.130516	0.306277	0.346609	455.528656
07150	81.000000	207.816147	80.908356	0.000000	0.496608	491.700897
07151	79.000000	165.253632	58.708290	0.148209	0.426977	447.145172
07160	77.000000	303.621674	96.929276	0.049219	0.478890	644.566101
07161	85.000000	170.765778	63.761314	0.174524	0.414452	451.969299
07170	83.000000	186.638092	74.500153	0.135054	0.432193	471.137146
07171	83.000000	179.855453	59.982494	0.230870	0.385561	453.476654
07180	83.000000	222.004837	84.909477	0.049980	0.474556	511.065369
07181	84.000000	154.090759	66.982773	0.000000	0.500638	452.732941
07190	84.000000	171.277603	48.288967	0.245098	0.373860	453.652924
07191	80.000000	202.039978	50.414612	0.347322	0.325353	454.848907
07200	85.000000	231.395813	87.592163	0.000001	0.502979	500.637146
07201	86.000000	186.172562	56.317524	0.268376	0.366967	457.105225
07210	82.000000	266.342682	93.420578	0.062329	0.472801	576.655518
07211	83.000000	180.287094	49.594666	0.314771	0.343047	449.035522
07220	88.000000	243.406677	84.685310	0.000000	0.494953	541.672852
07221	81.000000	167.103973	59.932953	0.191010	0.406039	448.094940
07230	84.000000	237.520187	90.581398	0.027769	0.489716	520.012085
07231	82.000000	172.768097	61.648457	0.156141	0.423216	454.628387
07240	84.000000	296.952057	102.370033	0.026737	0.491198	626.152954
07241	85.000000	179.278534	47.419266	0.350892	0.324510	447.546783
07250	82.000000	203.301361	68.014458	0.187839	0.403909	474.915497
07251	79.000000	188.223984	52.654625	0.336631	0.332654	448.592072
07260	87.000000	268.231598	64.304359	0.013069	0.488711	721.082886
07261	82.000000	173.539307	48.626133	0.296852	0.351657	443.228516
07270	82.000000	236.800491	92.132721	0.069475	0.469561	520.457703
07271	85.000000	169.568527	62.953770	0.159914	0.421567	452.752411
07280	84.000000	318.759094	100.230858	0.065025	0.472246	644.219971
07281	78.000000	159.427612	66.104301	0.096780	0.454122	447.243286
07290	80.000000	183.163132	71.585083	0.114729	0.440622	470.085571
07291	85.000000	170.622223	68.722679	0.088586	0.457663	458.513336
07300	82.000000	250.776871	83.523582	0.069412	0.468271	527.147827
07301	84.000000	173.841309	77.738457	0.022790	0.494201	460.948547
07310	83.000000	252.509628	97.630478	0.013817	0.495439	551.249573
07311	82.000000	176.495697	55.063469	0.269047	0.365001	448.340759
07320	86.000000	306.666687	88.622742	0.099077	0.449366	643.966675
07321	80.000000	151.695297	37.371025	0.356255	0.320797	432.130371
07330	79.000000	178.031235	83.206978	0.200223	0.401971	463.618073
07331	81.000000	189.462433	70.363052	0.175671	0.414678	458.911163
07340	80.000000	246.250793	71.310745	0.038757	0.474818	527.434814
07341	83.000000	183.202164	51.285606	0.322153	0.339077	450.215912
07351	83.000000	183.452347	51.474537	0.293435	0.351919	452.841125
07360	85.000000	357.555389	85.542252	0.039144	0.481626	765.305481
07361	84.000000	160.748764	53.580719	0.079976	0.461891	439.679504
07370	85.000000	188.892838	47.570671	0.079318	0.457694	460.722351
07371	84.000000	197.579880	49.785213	0.219431	0.391143	459.036469
08010	88.000000	200.817215	51.191666	0.144727	0.425953	473.734894
08011	87.000000	121.485268	47.284313	0.123937	0.438391	451.982178
08020	84.000000	202.788101	85.543945	0.023230	0.486318	484.481537
08021	83.000000	182.435684	46.103577	0.251522	0.372990	444.844818
08030	78.000000	184.036301	84.407104	0.000000	0.501808	473.058777
08031	85.000000	178.109711	49.426418	0.260442	0.369816	448.822388
08040	83.000000	192.841064	67.221046	0.227365	0.383282	469.621948
08041	83.000000	170.296982	50.941528	0.051791	0.473483	449.278076
08050	80.000000	196.750320	61.962006	0.243103	0.375559	466.302887
08051	80.000000	178.927643	43.817036	0.283116	0.357233	444.233215
08060	80.000000	205.523438	96.491882	0.038632	0.482551	490.682220
08061	78.000000	180.212769	59.659191	0.191609	0.406423	446.647156
08070	86.000000	213.005707	86.435036	0.045300	0.478368	497.806213
08071	83.000000	182.099854	67.680504	0.096680	0.455562	456.110352
08080	83.000000	206.059021	66.600060	0.297129	0.348096	475.418701
08081	83.000000	151.007355	43.940826	0.184064	0.407306	439.851196
08090	81.000000	185.938751	81.216568	0.000000	0.497168	490.310608
08091	87.000000	204.676346	75.357887	0.125760	0.437647	473.062256
08100	83.000000	240.738541	91.117950	0.149072	0.423613	518.044067
08101	82.000000	159.931046	59.815327	0.000000	0.499793	453.303589
08110	84.000000	233.993225	86.623169	0.070668	0.464055	509.032318
08111	83.000000	187.667938	64.572937	0.120668	0.442079	457.677399
08120	80.000000	189.394424	97.516090	0.047106	0.478639	483.480621
08121	82.000000	157.741638	54.271683	0.014623	0.491019	448.973419
08130	79.000000	213.256638	70.036926	0.220018	0.387302	475.255463
08131	84.000000	207.846970	75.273178	0.153541	0.427200	473.644897
08140	80.000000	231.253647	72.320587	0.266029	0.363114	494.248474
08141	77.000000	175.377914	50.056412	0.280964	0.359211	443.388000
08150	79.000000	243.389206	84.283257	0.108637	0.446103	514.873779
08160	82.000000	224.706085	71.419792	0.233136	0.378126	487.330078
08161	84.000000	171.548035	56.894642	0.112891	0.444074	455.659149
08170	86.000000	197.606293	84.325874	0.072626	0.464608	479.690125
08171	84.000000	190.096405	81.711113	0.077012	0.465313	469.781738
08180	85.000000	242.215668	88.366447	0.084738	0.460022	526.960815
08181	86.000000	174.719177	56.034679	0.179869	0.409950	453.940247
08190	80.000000	190.865601	57.692371	0.268592	0.362719	461.429596
08191	81.000000	176.055710	48.685429	0.087363	0.454981	447.073914
08200	83.000000	186.123306	64.201828	0.224371	0.386016	462.748383
08201	84.000000	186.481918	46.855354	0.274113	0.362406	452.394867
08210	84.000000	166.833633	57.610748	0.231804	0.382465	456.700317
08211	80.000000	159.764572	72.939827	0.000000	0.503545	453.547241
08220	82.000000	190.783020	78.888420	0.000000	0.496949	481.392822
08221	79.000000	170.429153	65.607071	0.031023	0.486571	449.382812
08230	83.000000	246.612061	80.349327	0.119427	0.441309	521.185059
08231	84.000000	191.488388	59.818832	0.081316	0.460924	459.932159
08240	85.000000	206.809616	70.457581	0.242709	0.376823	477.829559
08241	83.000000	182.867188	49.848011	0.260263	0.370297	451.074707
08250	82.000000	197.122330	85.223534	0.075209	0.464624	482.895416
08251	83.000000	169.329071	63.152203	0.100907	0.452089	449.715973
08260	80.000000	188.361038	70.680580	0.235345	0.381663	468.507538
08261	84.000000	165.213379	60.285072	0.049456	0.475729	450.177124
08270	84.000000	245.188110	79.336601	0.066554	0.462061	509.808380
08271	86.000000	188.241302	66.573700	0.064135	0.470299	461.866821
08280	81.000000	194.120209	79.022263	0.129715	0.432352	476.568085
08281	78.000000	175.613480	56.934525	0.208253	0.395475	449.217896
08290	82.000000	174.899124	71.096710	0.000000	0.496660	468.788879
08291	74.000000	179.742905	47.647240	0.286547	0.356212	440.554199
08300	82.000000	195.176392	78.557243	0.124089	0.438011	476.218781
08301	83.000000	188.248016	49.602005	0.249219	0.375479	452.067200
08310	77.000000	250.827271	87.278008	0.131152	0.433930	525.415527
08311	86.000000	195.858154	57.425900	0.182409	0.409619	459.553528
08320	82.000000	160.797241	90.551682	0.022315	0.491273	465.939941
08321	80.000000	185.735611	51.197487	0.291077	0.353140	451.864960
08330	87.000000	205.904053	169.305954	0.018315	0.573621	473.749359
08331	84.000000	178.638382	53.088436	0.237223	0.380964	455.264740
08340	79.000000	202.944504	68.855537	0.240266	0.377441	471.001251
08341	82.000000	184.125092	50.003746	0.266367	0.366543	451.211517
08350	80.000000	211.079422	82.968124	0.127924	0.435768	478.985779
08351	84.000000	171.025940	66.794281	0.000003	0.503535	453.315277
08360	81.000000	192.944595	74.314919	0.179603	0.410543	463.892731
08361	84.000000	190.774933	49.516449	0.232282	0.383432	454.510803
08370	86.000000	203.014023	51.487019	0.098556	0.448948	468.144684
08371	84.000000	180.315964	46.906815	0.138423	0.430152	452.884216
09010	81.000000	177.749573	45.192692	0.153438	0.420964	456.386749
09011	84.000000	190.769623	55.725567	0.115547	0.443539	460.706055
09020	81.000000	169.183411	52.489220	0.203001	0.394804	454.380402
09021	81.000000	195.150040	45.944019	0.337733	0.330095	452.410248
09030	81.000000	210.130219	59.721386	0.104810	0.445345	475.295044
09031	84.000000	178.574310	67.752800	0.186608	0.410224	454.834930
09040	79.000000	177.703415	58.940868	0.151703	0.422281	458.088013
09041	80.000000	192.027771	52.125790	0.312635	0.342726	456.192932
09050	79.000000	207.466736	64.168556	0.127469	0.433673	476.998077
09051	81.000000	197.770996	44.329124	0.364470	0.315743	453.678345
09060	82.000000	186.973602	53.722992	0.218465	0.387690	458.567444
09061	81.000000	180.668442	59.821705	0.225832	0.388315	453.862152
09070	76.000000	200.375153	54.264404	0.103657	0.445667	460.252960
09071	77.000000	193.306778	54.485069	0.307054	0.348019	451.755402
09080	80.000000	196.326859	49.853325	0.251762	0.366834	458.543762
09081	80.000000	185.693420	52.719315	0.353418	0.323126	452.082642
09090	82.000000	191.548676	52.159851	0.138942	0.424747	460.837646
09091	86.000000	169.374176	46.235802	0.307695	0.344107	448.772064
09100	80.000000	168.627106	70.185326	0.030018	0.484142	458.144379
09101	81.000000	193.775650	50.650314	0.300930	0.349373	453.985138
09110	80.000000	239.991013	65.357307	0.114486	0.436984	500.831055
09111	87.000000	188.630234	50.148041	0.312914	0.343478	454.305115
09120	84.000000	189.839172	58.028202	0.165125	0.413645	465.056854
09121	83.000000	194.974808	51.855164	0.298091	0.350025	457.273712
09130	82.000000	220.058990	62.293392	0.161621	0.414437	485.083130
09131	83.000000	164.714264	37.713230	0.326037	0.336432	433.519043
09140	83.000000	180.409256	60.708336	0.180500	0.407552	459.301025
09141	84.000000	191.329895	57.055916	0.291811	0.356265	455.497925
09150	87.000000	234.733704	69.594521	0.065699	0.462518	503.527496
09151	81.000000	200.842545	61.246437	0.243777	0.380770	460.918427
09160	83.000000	428.957397	69.264748	0.039789	0.474126	786.126221
09161	80.000000	129.308853	57.235054	0.267065	0.367050	430.581177
09170	80.000000	146.438339	61.712570	0.234743	0.381238	449.715363
09171	80.000000	157.098846	52.208031	0.220722	0.391085	438.828094
09180	82.000000	217.239792	60.017025	0.073284	0.454616	485.178162
09181	83.000000	177.230804	71.333778	0.122182	0.441465	456.687256
09190	87.000000	198.996002	64.120300	0.125312	0.433150	469.908112
09191	85.000000	193.612106	57.938957	0.232925	0.384561	458.491852
09200	80.000000	184.076508	55.918846	0.203755	0.394474	456.584808
09201	82.000000	211.566086	48.566570	0.330907	0.334358	458.332947
09210	79.000000	177.029556	48.216255	0.315276	0.338788	452.886963
09211	84.000000	148.380157	47.654957	0.355433	0.322079	436.006561
09220	80.000000	178.606216	47.714222	0.316312	0.336866	451.171814
09221	85.000000	203.564545	45.887459	0.337754	0.328959	459.109467
09230	82.000000	246.808380	74.600021	0.059936	0.469917	519.050781
09231	79.000000	183.823380	72.093376	0.081943	0.463478	457.156586
09240	82.000000	189.093292	53.797245	0.294284	0.350459	456.773682
09241	86.000000	175.222473	60.734756	0.179348	0.411789	456.122620
09250	80.000000	210.831818	75.116058	0.023336	0.485725	476.202087
09251	79.000000	147.707565	43.792187	0.447404	0.275602	430.917297
09260	82.000000	210.378998	72.617302	0.082411	0.458538	467.891510
09261	82.000000	189.968155	60.034451	0.272741	0.365552	456.317932
09270	81.000000	249.258423	80.122543	0.039145	0.478701	529.459839
09271	80.000000	191.748230	60.889389	0.256491	0.373410	452.634033
09280	83.000000	173.319138	65.916931	0.225696	0.385439	460.562286
09281	80.000000	210.168839	64.398361	0.271406	0.365620	466.053772
09290	80.000000	197.887543	82.592484	0.033136	0.484060	472.796143
09291	79.000000	153.833939	49.433899	0.450172	0.275157	437.038239
09300	82.000000	169.660736	75.291634	0.105355	0.448355	461.848785
09301	78.000000	193.198135	54.078346	0.317368	0.343040	450.138641
09310	77.000000	244.559250	73.290749	0.063433	0.455307	485.768982
09311	82.000000	196.886703	62.036461	0.284676	0.358026	465.034882
09320	80.000000	172.005920	62.407841	0.188329	0.402787	456.247253
09321	80.000000	201.049530	54.183815	0.333082	0.334425	456.537903
09330	81.000000	188.020187	68.504631	0.031466	0.483164	468.050629
09331	81.000000	176.898193	51.685390	0.294867	0.351294	456.067200
09340	81.000000	121.851967	53.838364	0.000002	0.498460	449.040985
09341	81.000000	195.204346	46.624111	0.361320	0.316546	452.454956
09350	81.000000	237.910995	62.590435	0.138954	0.425131	492.154785
09351	79.000000	200.647736	54.109806	0.311738	0.345341	455.781799
09360	83.000000	179.926819	67.377502	0.000006	0.502928	454.423157
09361	85.000000	186.736557	45.771770	0.334592	0.332003	455.165070
09370	85.000000	224.350922	52.527775	0.104161	0.446801	480.961182
09371	83.000000	194.779297	52.727036	0.184170	0.409924	463.219238
10010	81.000000	169.815994	47.377472	0.168570	0.413670	453.108429
10011	81.000000	182.342865	66.292297	0.050639	0.476949	460.692810
10020	86.000000	179.715454	64.561935	0.114557	0.439787	466.888031
10021	86.000000	172.080582	66.054344	0.084596	0.460611	456.192413
10030	79.000000	182.844559	70.015610	0.120195	0.438124	467.159698
10031	82.000000	180.915771	55.415516	0.258929	0.371083	453.724609
10040	79.000000	164.104950	72.455391	0.056790	0.471731	457.876190
10041	79.000000	189.685974	56.582012	0.251681	0.375846	452.336975
10050	84.000000	204.317703	60.157906	0.290488	0.350761	473.490814
10051	79.000000	170.590622	69.757751	0.112739	0.446487	453.256226
10060	84.000000	159.780472	75.273460	0.000000	0.498250	460.920502
10061	83.000000	195.961594	66.533127	0.230140	0.387803	461.326843
10070	83.000000	171.966797	65.023232	0.133976	0.431382	460.192413
10071	83.000000	188.899780	61.892750	0.202034	0.400152	460.055939
10080	82.000000	170.234650	72.791344	0.100193	0.449618	465.414154
10081	84.000000	186.290924	60.033371	0.210283	0.397037	456.736969
10090	84.000000	182.447464	60.417252	0.243410	0.375091	461.642700
10091	87.000000	175.124039	56.080025	0.247899	0.374435	457.770020
10100	83.000000	165.980331	70.334137	0.110421	0.443586	459.324188
10101	81.000000	187.813873	68.095818	0.189913	0.406933	456.805420
10110	88.000000	179.435516	78.629074	0.023129	0.488123	477.448792
10111	81.000000	168.698593	60.548267	0.184672	0.408654	452.156982
10120	83.000000	191.061951	73.260849	0.059190	0.468408	476.708618
10121	87.000000	201.979858	63.586769	0.176197	0.413869	465.262024
10130	84.000000	146.024368	48.794510	0.263234	0.366660	446.738617
10131	79.000000	189.961441	57.968082	0.230142	0.386776	454.873840
10140	81.000000	180.801147	57.740734	0.259969	0.368099	458.676514
10141	77.000000	189.254349	55.528137	0.285221	0.358594	451.847321
10150	85.000000	158.005737	69.527664	0.187753	0.405469	459.642181
10151	87.000000	156.759384	61.732586	0.004760	0.499164	455.063171
10160	77.000000	175.098938	65.975426	0.157773	0.420219	456.361877
10161	83.000000	199.375961	61.051067	0.259912	0.371252	459.930115
10170	82.000000	154.381989	56.275230	0.195049	0.400729	451.926086
10171	81.000000	192.932739	52.396461	0.281271	0.360241	453.456055
10180	84.000000	158.742508	61.374706	0.125597	0.435182	453.920685
10181	81.000000	193.131439	56.600121	0.258393	0.371298	457.122955
10190	82.000000	149.411682	67.809402	0.000275	0.498585	455.479553
10191	84.000000	182.054764	51.559574	0.248382	0.376197	449.592499
10200	84.000000	208.415237	62.317501	0.273838	0.358693	471.997803
10201	84.000000	192.303482	55.621799	0.263874	0.369468	457.169739
10210	84.000000	181.665314	76.548592	0.051052	0.474901	470.885254
10211	82.000000	178.530579	50.971851	0.281342	0.359116	452.450897
10220	86.000000	198.514740	70.152489	0.202525	0.397411	469.945923
10221	80.000000	179.530258	53.669418	0.289298	0.356512	449.155670
10230	89.000000	208.754181	73.254356	0.150162	0.421995	482.647156
10231	80.000000	181.987106	55.598972	0.258073	0.370836	451.619720
10240	81.000000	171.137848	62.304028	0.195311	0.400091	457.824463
10241	83.000000	171.846344	61.211170	0.218216	0.392806	452.456970
10250	81.000000	183.286057	73.436493	0.040856	0.476810	467.422729
10251	78.000000	174.983994	52.893913	0.278035	0.360860	448.891205
10260	83.000000	176.255783	63.370667	0.243883	0.377720	458.762909
10261	82.000000	185.612000	46.175934	0.361222	0.318398	447.520874
10270	85.000000	154.491837	62.264805	0.185051	0.406182	456.575745
10271	86.000000	184.943619	49.210224	0.327991	0.336900	453.123169
10280	84.000000	197.141693	81.340485	0.102001	0.447992	482.068146
10281	84.000000	201.381470	63.611183	0.236438	0.383234	463.598022
10290	81.000000	159.579346	56.118671	0.000000	0.494211	456.587372
10291	80.000000	185.340714	60.566029	0.232908	0.385290	454.638794
10300	84.000000	194.934677	65.655281	0.209836	0.393046	467.237671
10301	84.000000	194.047760	55.131660	0.301814	0.349298	458.258240
10310	83.000000	160.931107	63.927372	0.267144	0.365128	456.329865
10311	84.000000	195.717072	60.388103	0.260008	0.370565	460.665802
10320	87.000000	180.389389	80.579491	0.070272	0.465168	475.708221
10321	84.000000	195.444244	56.001808	0.246529	0.376611	461.271606
10330	84.000000	164.267410	67.480026	0.000000	0.496893	465.858002
10331	79.000000	201.479172	47.408512	0.370512	0.313294	455.375732
10340	82.000000	178.159439	84.732536	0.015884	0.491795	470.105499
10341	77.000000	182.274017	59.207985	0.238856	0.382501	451.225250
10350	86.000000	156.447983	62.048946	0.268231	0.365313	457.432220
10351	83.000000	191.040878	52.569115	0.295383	0.352147	456.064636
10360	79.000000	205.970276	69.012703	0.139005	0.431461	472.228363
10361	79.000000	207.822845	40.073505	0.314965	0.341079	456.233032
10370	81.000000	163.619293	46.998775	0.131701	0.431887	451.970032
10371	80.000000	191.958191	41.223473	0.237423	0.381003	449.914124
11010	82.000000	168.314346	53.362179	0.134029	0.431160	455.422455
11011	85.000000	191.059540	56.529900	0.085970	0.459361	461.683990
11020	78.000000	195.817078	67.472824	0.198417	0.400768	467.266327
11021	80.000000	219.760773	60.054214	0.287008	0.358233	475.314972
11030	83.000000	182.535202	65.692108	0.214907	0.391145	464.182098
11031	81.000000	186.907776	75.954865	0.113383	0.448062	460.252197
11040	83.000000	164.013489	62.877686	0.158470	0.419963	458.406433
11041	81.000000	170.818024	75.676559	0.064519	0.471576	460.977509
11050	84.000000	186.362106	56.356705	0.264485	0.364613	462.357330
11051	83.000000	192.055893	61.119888	0.279299	0.361250	459.034882
11060	82.000000	149.157990	62.407406	0.155738	0.421988	451.807465
11061	80.000000	172.065445	67.141541	0.146528	0.429116	455.845062
11070	82.000000	180.255341	68.082092	0.158855	0.419723	462.765747
11071	86.000000	171.855682	58.278851	0.000000	0.499019	459.568115
11080	84.000000	163.616516	71.028587	0.028148	0.484879	462.529022
11081	81.000000	187.993332	72.811157	0.166807	0.420362	463.235901
11090	84.000000	177.173523	66.968460	0.051475	0.470646	465.736176
11091	79.000000	214.011368	73.386108	0.259341	0.371494	480.495697
11100	83.000000	180.556091	60.808296	0.236013	0.380085	462.714081
11101	81.000000	206.844162	59.201565	0.321114	0.339911	463.720367
11110	81.000000	152.811813	69.203804	0.164031	0.418383	453.226318
11111	83.000000	186.366669	68.900719	0.126382	0.439969	463.870392
11120	84.000000	163.205017	74.804321	0.049089	0.474404	466.119293
11121	82.000000	194.886703	60.878204	0.230097	0.386152	461.187836
11130	80.000000	159.284348	71.983688	0.000001	0.498978	459.563110
11131	83.000000	193.852112	58.167961	0.273149	0.364280	460.091064
11140	83.000000	192.452316	65.734505	0.197991	0.399986	467.734711
11141	81.000000	190.435379	66.022011	0.213163	0.395306	463.295319
11150	80.000000	141.023315	81.346359	0.052320	0.475853	453.944366
11151	81.000000	197.516708	51.866150	0.299076	0.350328	457.188873
11160	82.000000	180.782883	67.906754	0.161342	0.417411	467.117737
11161	89.000000	192.287079	55.400486	0.305186	0.348555	460.135742
11170	80.000000	184.612137	62.362518	0.224851	0.385399	459.699066
11171	83.000000	192.866989	62.278862	0.219388	0.392049	463.263000
11180	80.000000	188.069672	65.496864	0.214472	0.390838	465.602600
11181	83.000000	189.573486	53.757244	0.301097	0.349422	456.974274
11190	83.000000	178.725067	62.750595	0.227587	0.384845	461.982544
11191	87.000000	202.755997	57.346821	0.302860	0.348186	467.063995
11200	86.000000	184.957214	56.410427	0.243872	0.375325	461.250916
11201	86.000000	183.271011	58.452240	0.226789	0.387067	460.098328
11210	81.000000	181.023849	73.396545	0.093646	0.452418	465.539337
11211	84.000000	195.615692	59.668404	0.282229	0.360305	462.417542
11220	83.000000	171.325760	77.143402	0.000000	0.499202	468.281586
11221	80.000000	195.465332	68.048950	0.200800	0.401646	464.673187
11230	85.000000	194.389709	72.529053	0.152466	0.423446	471.248322
11231	81.000000	187.127457	54.219719	0.283155	0.358468	455.729309
11240	87.000000	177.770309	66.800583	0.169144	0.412140	468.840942
11241	86.000000	181.363647	72.377304	0.114535	0.445521	464.352814
11250	84.000000	170.496063	64.793304	0.180236	0.408886	460.062836
11251	83.000000	200.595184	62.789616	0.268817	0.367151	465.183441
11260	79.000000	172.137207	72.688545	0.098926	0.450986	461.220123
11261	82.000000	184.909683	53.137966	0.299348	0.350679	454.853607
11270	83.000000	176.718979	77.175125	0.143193	0.428711	471.055878
11271	82.000000	176.507065	62.228489	0.187603	0.407954	456.134827
11280	82.000000	175.128113	65.002861	0.121687	0.435713	465.933289
11281	79.000000	191.730606	59.629978	0.285902	0.357504	457.198425
11290	78.000000	179.526505	87.173027	0.047769	0.477921	474.446381
11291	73.000000	206.064224	60.376183	0.312124	0.345588	460.829742
11300	88.000000	176.635788	59.728363	0.219248	0.388027	464.229919
11301	81.000000	187.492630	60.020725	0.207604	0.397709	457.380615
11310	81.000000	175.435974	69.255478	0.133192	0.431490	459.776886
11311	83.000000	186.110626	75.119232	0.062124	0.472534	467.238953
11320	81.000000	192.454956	63.639820	0.248393	0.373340	468.294800
11321	86.000000	189.917114	47.195324	0.372063	0.312200	456.894501
11330	81.000000	178.128265	71.665581	0.085004	0.454785	471.041687
11331	85.000000	159.250641	68.477600	0.129963	0.436589	456.838135
11340	81.000000	162.648773	83.108055	0.000894	0.500599	463.593262
11341	84.000000	185.539764	62.852749	0.246616	0.377725	463.518951
11350	82.000000	174.090927	63.763203	0.000000	0.492679	471.552551
11351	82.000000	199.546814	68.565544	0.168988	0.419078	465.629150
11360	82.000000	175.348984	68.637146	0.111244	0.444053	462.587524
11361	82.000000	190.164398	44.735283	0.330584	0.333435	452.739563
11370	84.000000	167.696121	54.865623	0.049557	0.472189	463.564301
11371	83.000000	147.068359	40.683895	0.284522	0.357307	434.538910
