00010	86.000000	172.965622	45.646080	0.144989	0.423396	460.780853
00011	82.000000	146.186508	42.771297	0.289502	0.352733	444.719727
00020	85.000000	163.032059	66.319061	0.123877	0.437233	458.834839
00021	80.000000	156.345673	49.512333	0.497689	0.250443	435.973114
00030	87.000000	175.525467	57.438354	0.205872	0.394368	461.996826
00031	86.000000	166.890121	74.351868	0.250658	0.376788	461.294952
00040	81.000000	165.293625	67.501579	0.013630	0.490227	460.669891
00041	82.000000	174.029831	60.138680	0.333705	0.332756	455.573303
00050	83.000000	173.643204	70.639847	0.083764	0.454665	466.278320
00051	83.000000	111.787460	61.604706	0.000000	0.499173	442.125824
00060	81.000000	167.185699	63.435200	0.107685	0.442478	460.820129
00061	81.000000	143.668808	51.128464	0.434813	0.281960	438.271393
00070	79.000000	167.053955	57.430843	0.232198	0.381365	453.156403
00071	83.000000	169.302444	64.018448	0.194600	0.403017	458.138885
00080	84.000000	177.033340	61.746120	0.121329	0.436680	463.319763
00081	89.000000	178.878891	53.754173	0.334161	0.332490	459.859711
00090	82.000000	172.572037	74.330193	0.132910	0.431870	466.033295
00091	81.000000	117.730057	63.205524	0.098515	0.449864	446.359802
00100	81.000000	177.024506	72.559418	0.080147	0.458282	464.514801
00101	82.000000	144.672882	58.074448	0.311722	0.344087	446.733551
00110	85.000000	206.068710	61.903145	0.289554	0.351924	477.408997
00111	81.000000	157.157394	71.707611	0.124666	0.438999	454.183472
00120	82.000000	173.542068	70.732658	0.107670	0.443622	458.378265
00121	80.000000	165.950394	60.064617	0.294100	0.353062	450.561371
00130	83.000000	162.049194	65.529884	0.124070	0.435680	458.802185
00131	85.000000	158.714218	66.250862	0.438721	0.281086	454.348358
00140	79.000000	183.926941	63.464054	0.197065	0.398040	464.362000
00141	82.000000	125.146324	55.215523	0.270056	0.363925	440.214203
00150	76.000000	151.267548	91.986168	0.000023	0.508273	454.480255
00151	80.000000	156.669220	63.874992	0.100275	0.450087	452.573547
00160	84.000000	190.042114	56.149456	0.289096	0.352897	464.370941
00161	79.000000	161.838943	57.041264	0.319425	0.339975	445.537262
00170	82.000000	174.527863	61.810902	0.186161	0.404501	458.447540
00171	85.000000	129.883118	60.268425	0.225410	0.387016	445.861755
00180	84.000000	164.171646	75.443214	0.000003	0.499196	465.007080
00181	83.000000	161.606781	58.895420	0.173120	0.413937	452.547119
00190	84.000000	173.594345	59.620686	0.196822	0.398993	457.425507
00191	80.000000	118.491531	71.679062	0.001699	0.499066	445.767181
00200	77.000000	173.306442	64.002686	0.226022	0.384253	456.446259
00201	77.000000	123.876343	57.882832	0.270191	0.364480	439.941559
00210	87.000000	177.305573	68.511879	0.087666	0.455077	468.690338
00211	81.000000	175.974152	50.497002	0.335771	0.331323	451.159607
00220	82.000000	156.703384	74.404213	0.000000	0.498853	461.264923
00221	83.000000	134.302689	53.420761	0.308573	0.344365	442.898895
00230	88.000000	179.413788	65.877869	0.156349	0.420241	466.711487
00231	81.000000	172.151428	52.452251	0.341022	0.329176	448.231628
00240	83.000000	177.609177	71.309441	0.120843	0.437375	465.959015
00241	79.000000	186.067261	55.723034	0.341709	0.329320	453.415222
00250	83.000000	177.786179	65.899956	0.194648	0.400633	463.129059
00251	84.000000	151.295227	58.701530	0.308715	0.344677	450.439087
00260	85.000000	198.697617	77.230103	0.120472	0.438371	481.007599
00261	85.000000	140.395874	62.869923	0.325825	0.337345	447.829620
00270	83.000000	169.581909	57.770531	0.269361	0.362877	455.278687
00271	82.000000	164.480270	55.944603	0.327271	0.336514	450.907135
00280	85.000000	168.732498	62.589993	0.077277	0.458139	461.313629
00281	83.000000	169.716385	50.469101	0.354198	0.321660	450.687469
00290	87.000000	188.862045	66.608971	0.190409	0.400669	471.403534
00291	86.000000	115.487129	75.159706	0.051720	0.474217	453.059998
00300	80.000000	188.456177	64.514259	0.222516	0.387123	465.914337
00301	77.000000	142.942688	55.828491	0.461334	0.269183	437.633759
00310	79.000000	179.531815	52.147339	0.311310	0.340376	454.004974
00311	81.000000	174.322357	50.188622	0.346656	0.325017	451.598175
00320	82.000000	190.582626	69.366142	0.234946	0.380519	465.130035
00321	84.000000	176.205582	52.807739	0.348314	0.324918	452.622467
00330	80.000000	164.293503	70.076729	0.048559	0.474226	461.630707
00331	83.000000	120.011086	58.290527	0.247775	0.375670	442.112030
00340	82.000000	184.886749	57.397213	0.277256	0.358766	459.560944
00341	86.000000	150.849258	48.044975	0.388940	0.304260	449.170105
00350	83.000000	172.597672	65.461357	0.000001	0.497192	462.278229
00351	79.000000	193.014572	45.793625	0.440348	0.277892	450.420258
00360	83.000000	182.135880	53.117107	0.262754	0.365434	458.758057
00361	85.000000	180.000793	47.206902	0.383731	0.307271	452.319855
00370	79.000000	168.311264	50.156315	0.048864	0.472273	456.163818
00371	80.000000	145.192047	58.328167	0.239143	0.379911	450.270142
01010	81.000000	173.624603	58.097832	0.128685	0.434633	460.829956
01011	82.000000	151.967972	45.354710	0.225773	0.386036	437.188965
01020	83.000000	185.211807	74.858047	0.188730	0.406185	465.718994
01021	82.000000	162.438217	53.035400	0.291995	0.354681	445.737274
01030	83.000000	176.923096	63.404621	0.181042	0.406817	462.237244
01031	82.000000	148.969589	43.928314	0.336688	0.331391	438.931427
01040	83.000000	181.700867	63.847870	0.249796	0.372102	466.507660
01041	83.000000	154.987213	77.976921	0.000000	0.501880	459.855927
01050	81.000000	176.510544	80.253288	0.075175	0.461347	470.647339
01051	83.000000	161.022751	44.741364	0.353046	0.323019	445.571442
01060	87.000000	178.194580	70.075485	0.150712	0.422049	470.000763
01061	82.000000	172.175430	62.518604	0.222912	0.389143	453.279999
01070	79.000000	189.400574	68.765915	0.228548	0.383435	462.567993
01071	83.000000	149.150116	57.246304	0.138681	0.431070	446.171906
01080	88.000000	172.597488	71.537132	0.055704	0.470886	469.623993
01081	82.000000	143.676498	70.595200	0.000000	0.501214	449.274231
01090	81.000000	180.659500	64.221718	0.177364	0.406511	463.650909
01091	86.000000	166.464081	51.246189	0.343053	0.328334	444.983093
01100	82.000000	168.428146	82.321815	0.017920	0.490145	471.599823
01101	91.000000	178.164398	53.466896	0.360299	0.320173	454.582520
01110	79.000000	192.018051	70.915588	0.124700	0.435081	470.657501
01111	85.000000	134.473099	58.127029	0.000000	0.499702	445.784424
01120	77.000000	165.392776	80.045395	0.000000	0.498829	462.475403
01121	82.000000	160.602554	49.495636	0.288661	0.354404	446.094086
01130	86.000000	172.943497	72.000099	0.112865	0.441513	469.300812
01131	79.000000	153.650146	53.477406	0.288473	0.356343	438.597992
01140	81.000000	201.245941	62.178535	0.267003	0.361764	471.338684
01141	78.000000	164.824905	68.556305	0.167652	0.418458	450.311310
01150	81.000000	201.485535	65.645996	0.240395	0.375779	470.711121
01151	81.000000	142.732117	48.016693	0.165125	0.416688	438.458099
01160	81.000000	180.896820	63.735844	0.262173	0.367132	458.085663
01161	81.000000	173.828827	52.134254	0.300701	0.350351	446.575928
01170	84.000000	180.137314	68.078827	0.077300	0.456527	471.283691
01171	84.000000	144.689331	50.198200	0.265230	0.367208	437.897766
01180	83.000000	175.056152	67.003670	0.241306	0.376490	460.480927
01181	80.000000	151.604797	43.567596	0.380818	0.308291	437.061646
01190	80.000000	185.110474	60.973980	0.217639	0.386992	462.995239
01191	80.000000	172.888779	53.180264	0.324430	0.337249	447.787811
01200	81.000000	177.994110	69.960251	0.000000	0.497037	468.799438
01201	79.000000	174.242279	52.141163	0.354853	0.322224	447.073456
01210	81.000000	173.289444	75.754517	0.089099	0.453766	465.433441
01211	78.000000	171.309845	56.210880	0.316707	0.342198	447.117126
01220	82.000000	175.650528	76.495819	0.090642	0.454382	465.198975
01221	83.000000	154.548203	50.931213	0.297860	0.350580	438.421814
01230	83.000000	182.926880	69.135666	0.222142	0.386588	463.487823
01231	83.000000	126.217331	41.843891	0.297671	0.351028	425.294342
01240	88.000000	175.946228	73.817398	0.056503	0.470830	467.680817
01241	83.000000	161.965057	50.053223	0.347249	0.326123	444.616882
01250	80.000000	171.769699	74.168961	0.158536	0.420893	459.275757
01251	81.000000	147.749146	58.606667	0.180869	0.409881	445.469208
01260	76.000000	178.785370	66.698929	0.241490	0.377973	458.065582
01261	80.000000	179.174881	50.136669	0.331106	0.334079	448.677673
01270	84.000000	174.432526	68.285370	0.178531	0.408480	465.675201
01271	84.000000	164.972305	49.331581	0.315088	0.341656	444.356079
01280	87.000000	163.789703	67.746407	0.011768	0.491941	465.798553
01281	83.000000	116.376022	66.567596	0.003648	0.498815	445.581787
01290	83.000000	176.084290	64.531082	0.243461	0.376165	461.332092
01291	79.000000	167.029831	48.173630	0.335669	0.331483	445.216309
01300	82.000000	167.154678	89.439522	0.000000	0.500623	470.983124
01301	79.000000	160.304581	41.061317	0.400579	0.298480	439.820099
01310	87.000000	167.415924	74.158867	0.053230	0.472804	464.967316
01311	83.000000	152.925339	60.465340	0.191132	0.404689	448.784393
01320	85.000000	178.717560	76.369164	0.164903	0.417229	468.196991
01321	81.000000	155.094193	61.881172	0.207493	0.396829	448.399567
01330	77.000000	160.607086	78.914986	0.000000	0.498268	464.176300
01331	79.000000	120.085419	40.768543	0.336771	0.330720	418.262665
01340	82.000000	165.672897	71.441605	0.009211	0.493303	464.406921
01341	83.000000	149.768234	51.078568	0.310907	0.344347	441.785370
01350	80.000000	151.288666	80.542564	0.026096	0.487736	457.609985
01351	81.000000	133.033264	52.195778	0.118586	0.440508	430.875244
01360	81.000000	185.333542	69.303238	0.055727	0.466802	468.613678
01361	83.000000	155.316208	40.760132	0.373931	0.311771	437.661865
01370	79.000000	179.519089	44.541214	0.201269	0.393827	462.482574
01371	86.000000	160.845642	35.155323	0.314323	0.342760	436.896393
02010	84.000000	192.892776	45.674389	0.225698	0.379618	468.523743
02011	84.000000	126.637962	29.178740	0.273427	0.362350	454.915863
02020	82.000000	159.777817	60.637539	0.043476	0.475714	460.858582
02021	85.000000	141.630966	54.851177	0.251544	0.374312	445.974335
02030	83.000000	199.883606	70.678490	0.184841	0.405132	478.393433
02031	82.000000	114.820915	62.313492	0.000001	0.500812	434.815979
02040	84.000000	197.283295	73.581085	0.169697	0.410859	476.600891
02041	80.000000	164.021103	49.351189	0.355172	0.321384	446.521332
02050	87.000000	189.928131	67.372360	0.181763	0.405294	473.165192
02051	81.000000	123.386002	48.280010	0.064717	0.467257	422.894958
02060	81.000000	186.770615	64.360970	0.232248	0.379997	468.507538
02061	79.000000	145.399918	43.370609	0.329788	0.334285	435.062073
02070	82.000000	166.215103	116.170601	0.000700	0.519616	470.734863
02071	78.000000	157.649689	47.194721	0.340028	0.329415	437.236694
02080	87.000000	188.618912	63.587353	0.199809	0.396683	471.385712
02081	89.000000	161.493240	41.372272	0.354884	0.321793	446.900635
02090	84.000000	189.288177	65.178848	0.191229	0.398316	468.064850
02091	84.000000	154.174011	48.402096	0.293847	0.350259	447.818024
02100	79.000000	170.567871	75.241402	0.106173	0.446198	461.968658
02101	85.000000	155.705414	49.033039	0.227852	0.385280	441.931274
02110	81.000000	180.722046	73.783653	0.000000	0.494611	468.885376
02111	82.000000	139.569031	47.127903	0.296112	0.351246	435.464966
02120	87.000000	183.593811	86.720436	0.000000	0.500170	484.012573
02121	81.000000	157.229294	41.193798	0.287588	0.354529	436.592224
02130	87.000000	197.245697	53.244335	0.342958	0.323769	466.132812
02131	82.000000	152.421906	44.462532	0.333804	0.332574	438.654236
02140	84.000000	177.744995	68.114700	0.000000	0.493063	475.055786
02141	78.000000	159.829880	54.104713	0.244055	0.377602	444.832825
02150	83.000000	184.136246	64.359711	0.189323	0.402162	466.535492
02151	79.000000	147.633133	48.777481	0.273244	0.362871	430.489746
02160	83.000000	207.180283	65.105911	0.263024	0.364755	472.602570
02161	80.000000	155.148895	55.766773	0.227466	0.386581	438.687744
02170	84.000000	177.337799	84.008942	0.000000	0.497678	482.106323
02171	82.000000	137.739426	39.326206	0.267840	0.364209	442.039215
02180	83.000000	172.319336	72.041824	0.136397	0.429888	464.967346
02181	79.000000	159.431152	43.445805	0.354322	0.321417	438.562744
02190	81.000000	163.082108	88.519287	0.063248	0.471415	464.460602
02191	80.000000	148.176910	46.006290	0.243709	0.376631	439.014862
02200	79.000000	188.742294	92.813225	0.008640	0.495812	479.758789
02201	84.000000	152.901047	60.099022	0.088604	0.455923	449.390533
02210	79.000000	186.461212	80.381310	0.104209	0.446324	474.833893
02211	85.000000	150.515121	56.205822	0.182482	0.408656	444.437775
02220	81.000000	189.837006	72.335335	0.044933	0.471707	473.568390
02221	83.000000	169.282196	47.021194	0.298930	0.348592	447.287415
02230	81.000000	179.666626	88.585663	0.069775	0.464689	478.997528
02231	80.000000	147.432236	28.323660	0.450455	0.272608	425.263855
02240	87.000000	186.134232	73.525497	0.086583	0.453669	473.904938
02241	83.000000	161.445877	46.193836	0.286337	0.355524	443.052917
02250	84.000000	182.310364	82.077690	0.000000	0.497746	479.760284
02251	82.000000	153.329346	53.671963	0.214999	0.393009	441.109375
02260	85.000000	177.849335	77.086304	0.101664	0.447339	471.853333
02261	88.000000	165.405167	49.181976	0.312582	0.342525	453.338531
02270	82.000000	184.162628	77.231171	0.082889	0.457743	470.012207
02271	81.000000	148.505661	42.783314	0.308579	0.343665	443.596985
02280	81.000000	188.523941	81.030296	0.212713	0.392988	471.710266
02281	79.000000	150.013962	44.913227	0.278656	0.359237	439.520172
02290	83.000000	200.062866	66.806206	0.209394	0.390860	477.825409
02291	82.000000	181.290665	51.621475	0.292447	0.353096	452.044617
02300	83.000000	191.452637	56.683281	0.248135	0.370534	467.988373
02301	85.000000	141.636566	54.424789	0.132467	0.434822	439.146393
02310	84.000000	165.557602	62.367107	0.030551	0.482139	456.904572
02311	82.000000	148.469666	39.341293	0.387397	0.304123	436.206268
02321	88.000000	163.881287	50.474121	0.288368	0.354797	455.940979
02330	81.000000	171.532898	70.468727	0.013642	0.488284	464.082916
02331	80.000000	136.665558	36.220947	0.343574	0.327106	434.010559
02340	84.000000	201.566574	47.964828	0.333224	0.325919	466.293823
02341	84.000000	169.584518	56.915974	0.100916	0.450650	449.629425
02350	80.000000	172.792969	75.834320	0.105695	0.447506	460.201965
02351	80.000000	653.842346	124.468369	0.028417	2.274540	523.167908
02360	83.000000	180.865723	74.341614	0.028438	0.486337	468.917053
02370	87.000000	187.337326	49.093475	0.133079	0.428312	469.313385
02371	80.000000	167.488419	20.592810	0.007205	0.497673	427.886230
03010	77.000000	178.578934	41.581413	0.188372	0.402179	449.843292
03011	81.000000	146.928452	52.351986	0.047872	0.478143	433.513672
03020	83.000000	161.236511	52.866688	0.035111	0.478962	451.805237
03021	81.000000	142.638977	54.821510	0.072164	0.463799	439.667786
03030	83.000000	161.956039	59.628971	0.225819	0.385243	458.641113
03031	81.000000	157.046936	50.682816	0.256848	0.372393	435.860413
03040	84.000000	166.554855	61.197414	0.052066	0.472023	460.955170
03041	83.000000	162.108948	36.946770	0.344054	0.327732	422.101685
03050	83.000000	162.040451	60.024204	0.272483	0.361520	456.591858
03051	85.000000	154.991409	46.505989	0.273650	0.362873	439.151306
03060	85.000000	162.782700	57.824093	0.125967	0.435140	457.503448
03061	83.000000	157.843597	53.283588	0.275289	0.363148	440.709564
03070	84.000000	163.407990	52.192524	0.246187	0.374486	454.935852
03071	82.000000	168.141083	42.866730	0.382761	0.307983	434.912933
03080	83.000000	156.938751	64.288383	0.000000	0.497104	460.084229
03081	86.000000	146.522644	64.161133	0.038369	0.482306	449.004333
03090	86.000000	160.783173	57.452370	0.226748	0.383614	463.110229
03091	80.000000	157.289856	47.402988	0.301465	0.349924	429.968506
03100	83.000000	164.144501	49.545227	0.266814	0.363967	455.881897
03101	87.000000	139.739639	63.518333	0.055123	0.474145	441.982422
03110	81.000000	173.599823	47.645969	0.357887	0.317908	450.548584
03111	80.000000	146.193420	60.186398	0.145183	0.429021	437.222076
03120	82.000000	200.000000	90.000000	0.000000	1.000000	-inf
03121	81.000000	166.869965	44.248528	0.248080	0.374755	445.415741
03130	86.000000	164.926575	72.785728	0.139545	0.429493	464.847198
03131	82.000000	166.041992	47.935860	0.306886	0.346646	441.643677
03140	83.000000	145.205917	62.462852	0.097737	0.450464	453.193481
03141	81.000000	162.816284	48.928555	0.287987	0.356994	432.128326
03150	83.000000	152.099762	53.564041	0.164868	0.414460	452.065918
03151	88.000000	174.577560	47.911293	0.289612	0.354148	450.834656
03160	83.000000	182.877975	62.064144	0.241585	0.376151	461.525269
03161	84.000000	170.969086	43.121960	0.335631	0.331045	448.021240
03170	81.000000	161.090317	74.587898	0.134713	0.432260	459.027374
03171	82.000000	166.737656	48.037724	0.344854	0.328004	435.863037
03180	85.000000	154.650772	67.822533	0.038762	0.479497	461.101135
03181	86.000000	146.601669	59.093014	0.164669	0.419042	435.647003
03190	84.000000	178.633545	64.923988	0.148019	0.423612	463.302734
03191	83.000000	145.102768	57.595264	0.100611	0.450952	443.742493
03200	85.000000	158.904953	59.148693	0.187889	0.404727	454.389465
03201	75.000000	170.775314	47.640999	0.328053	0.336351	439.935974
03210	81.000000	156.635452	63.240498	0.056976	0.470913	456.390472
03211	82.000000	160.729477	56.042976	0.172574	0.414447	448.210632
03220	77.000000	173.975845	59.712471	0.216332	0.389647	448.394775
03221	84.000000	166.586060	43.494270	0.328456	0.334934	444.864288
03230	85.000000	168.426285	68.717384	0.096533	0.451604	459.399841
03231	80.000000	166.435654	46.147400	0.336860	0.332004	436.027557
03240	83.000000	167.177383	61.664593	0.144816	0.425824	456.987610
03241	86.000000	162.523712	54.078075	0.241810	0.379858	448.837463
03250	80.000000	167.959412	62.957539	0.161086	0.418102	455.609161
03251	87.000000	157.326904	61.764725	0.146080	0.428990	449.330536
03260	85.000000	169.654373	62.821224	0.170291	0.412379	460.393616
03261	79.000000	152.426056	69.548462	0.088354	0.458727	447.052063
03270	83.000000	154.850266	61.462730	0.076420	0.460599	455.863556
03271	87.000000	149.882294	54.275192	0.000000	0.499352	444.223114
03280	85.000000	174.707947	61.276798	0.181321	0.408072	460.737976
03281	80.000000	155.130310	53.419971	0.215964	0.391445	443.034546
03290	78.000000	173.570343	59.820103	0.240157	0.378402	457.806519
03291	83.000000	170.114563	43.230164	0.328790	0.334722	444.143738
03300	83.000000	169.264313	59.978798	0.100404	0.446678	460.236237
03301	83.000000	169.515137	48.785332	0.295185	0.351958	448.899628
03310	85.000000	163.900589	49.187824	0.211271	0.391050	456.542206
03311	76.000000	155.421799	64.904442	0.152257	0.425920	442.754974
03320	81.000000	164.926910	74.639359	0.000000	0.496873	465.819519
03321	82.000000	161.602478	59.153591	0.190641	0.406102	447.257446
03330	84.000000	168.252930	65.263031	0.000000	0.495995	466.778015
03331	79.000000	180.512573	53.552883	0.351276	0.325198	445.526428
03340	85.000000	143.567596	76.618980	0.000009	0.499864	463.140015
03341	87.000000	169.488083	51.033718	0.256103	0.372441	446.206207
03350	80.000000	140.850296	64.461060	0.083871	0.456549	454.490387
03351	84.000000	158.536789	54.490833	0.307449	0.346409	448.065796
03360	81.000000	166.418549	53.844704	0.220790	0.387932	452.688751
03361	83.000000	171.537521	42.199726	0.294741	0.353215	444.880524
03370	82.000000	171.506500	40.768177	0.189713	0.400484	457.089935
03371	82.000000	166.129059	47.866444	0.160078	0.420342	436.235565
04010	79.000000	158.053864	55.683735	0.040820	0.477279	450.660034
04011	85.000000	152.058533	49.037560	0.147112	0.426200	445.888367
04020	82.000000	186.483353	58.078842	0.244855	0.372383	465.024078
04021	84.000000	163.358322	57.303471	0.149566	0.425471	448.420532
04030	83.000000	183.581100	62.888901	0.192149	0.401368	463.857910
04031	79.000000	154.623077	54.065845	0.283418	0.358076	444.654449
04040	81.000000	178.871185	50.106281	0.242177	0.372540	458.554260
04041	81.000000	138.633911	62.860920	0.062983	0.468963	442.473480
04050	82.000000	166.949966	69.003838	0.167895	0.412759	464.794678
04051	83.000000	169.499283	62.679653	0.225339	0.388347	450.107086
04060	78.000000	186.998566	58.912666	0.172080	0.406125	464.174011
04061	81.000000	146.821854	62.721210	0.228222	0.387366	445.793823
04070	74.000000	189.016846	50.371017	0.335469	0.325781	454.284912
04071	84.000000	155.332031	40.908787	0.298948	0.348671	448.825104
04080	85.000000	182.894577	66.097206	0.226986	0.382562	465.628448
04081	83.000000	182.064117	51.021931	0.306492	0.345669	454.927216
04090	82.000000	178.358353	68.983688	0.205579	0.393760	464.707825
04091	82.000000	154.349518	63.153793	0.069631	0.465608	451.067322
04100	83.000000	154.962646	95.270988	0.002154	0.503002	468.929016
04101	78.000000	143.873978	56.651237	0.181776	0.408863	438.883881
04110	81.000000	186.908585	59.825085	0.228841	0.380646	462.210846
04111	81.000000	159.114578	65.312355	0.180824	0.410552	449.893524
04120	80.000000	167.892471	54.688145	0.167054	0.411855	452.308014
04121	79.000000	151.361801	57.979557	0.164722	0.417459	438.412323
04130	80.000000	192.049789	68.044685	0.266058	0.362435	468.683594
04131	77.000000	153.187134	76.859657	0.096499	0.454889	447.710632
04140	84.000000	167.172928	73.056717	0.083569	0.454039	467.659912
04141	78.000000	144.631409	57.032860	0.185749	0.407529	441.014618
04150	87.000000	160.863831	77.564171	0.102331	0.447448	470.237366
04151	77.000000	177.951035	73.264725	0.166082	0.419461	455.014496
04160	79.000000	173.132690	78.296082	0.120273	0.438331	467.292480
04161	82.000000	155.385376	45.795269	0.298650	0.349393	441.147125
04170	79.000000	178.542252	77.859985	0.097339	0.446858	473.962708
04171	85.000000	176.447617	47.365181	0.362487	0.317765	448.582397
04180	87.000000	187.200012	60.867146	0.267546	0.360892	468.205231
04181	84.000000	153.703491	66.486336	0.043945	0.479120	450.581909
04190	81.000000	163.278091	76.762161	0.101452	0.448431	465.604004
04191	84.000000	161.478821	49.073368	0.318074	0.338956	449.560547
04200	83.000000	196.125809	70.667236	0.189652	0.402521	468.311462
04201	82.000000	145.708893	59.552799	0.147026	0.426661	445.046509
04210	79.000000	166.110733	48.416302	0.267577	0.362722	449.243561
04211	82.000000	152.956177	53.943455	0.257358	0.371447	445.408752
04220	81.000000	178.212692	56.261536	0.309871	0.340840	455.965546
04221	82.000000	164.084198	50.926937	0.337644	0.330506	439.079346
04230	78.000000	179.880356	75.336777	0.094823	0.450063	468.980316
04231	78.000000	151.645859	59.052422	0.164363	0.418523	444.377106
04240	79.000000	183.925278	68.934456	0.226153	0.382362	465.644104
04241	80.000000	176.470367	43.880615	0.376812	0.310357	444.640564
04250	79.000000	171.536667	69.466614	0.177000	0.409249	459.982300
04251	86.000000	161.947296	48.340038	0.294473	0.352578	447.281189
04260	82.000000	165.322617	76.315109	0.095847	0.449749	464.753387
04261	85.000000	99.143814	57.778072	0.009565	0.495614	424.105042
04270	85.000000	194.911636	72.294876	0.196518	0.400111	470.972290
04271	82.000000	150.075760	51.288097	0.244615	0.377456	442.758301
04280	81.000000	165.918472	80.723923	0.009018	0.492826	471.089966
04281	79.000000	172.547348	50.769058	0.330720	0.333253	448.581970
04290	79.000000	166.298676	71.841217	0.119059	0.437727	459.760956
04291	85.000000	169.520889	43.192493	0.345393	0.326236	446.563232
04300	84.000000	199.208359	68.955162	0.239924	0.375507	479.103699
04301	79.000000	166.220352	47.280014	0.353215	0.323033	440.679993
04310	82.000000	157.064575	82.293861	0.001674	0.497934	468.432983
04311	85.000000	150.755539	53.457340	0.235416	0.381516	449.767609
04320	81.000000	166.205185	79.729141	0.053508	0.471430	465.283417
04321	84.000000	158.180298	40.396778	0.394452	0.300805	440.476471
04330	80.000000	163.231903	68.530365	0.187292	0.404727	454.688324
04331	86.000000	147.188370	52.885647	0.066370	0.466036	446.908356
04340	81.000000	178.516296	64.011902	0.274810	0.359802	461.004822
04341	81.000000	158.744141	53.862698	0.278270	0.360697	447.599609
04350	84.000000	167.691833	81.056992	0.010027	0.493025	474.018738
04351	86.000000	157.471054	49.588997	0.299529	0.349271	446.603455
04360	84.000000	167.351074	79.985672	0.046173	0.475965	471.897125
04361	90.000000	162.487473	44.203350	0.361737	0.318359	450.162506
04370	76.000000	172.684219	59.441071	0.095491	0.449450	459.569031
04371	79.000000	154.391068	50.339466	0.084062	0.458214	441.170410
05010	84.000000	161.757614	54.569637	0.165463	0.414419	464.473846
05011	84.000000	166.476608	50.714104	0.203770	0.397115	454.015350
05020	82.000000	161.766022	70.701385	0.039974	0.478568	464.157898
05021	80.000000	135.633118	50.195293	0.186939	0.406441	436.246094
05030	84.000000	171.245926	64.383377	0.257610	0.368551	462.672791
05031	84.000000	148.995300	49.258083	0.320751	0.339758	440.508972
05040	83.000000	149.837708	67.260651	0.065391	0.465010	461.339874
05041	84.000000	150.407043	54.777004	0.267066	0.367077	444.521698
05050	77.000000	177.221069	60.831333	0.343475	0.325082	458.865906
05051	89.000000	138.123749	41.135189	0.279969	0.359026	438.055908
05060	82.000000	160.653168	70.698814	0.147217	0.424448	461.537872
05061	83.000000	149.600586	58.550625	0.164277	0.418515	444.983429
05070	78.000000	158.851379	81.629448	0.031245	0.484692	465.751312
05071	80.000000	166.272156	45.258030	0.445862	0.276854	440.548798
05080	86.000000	173.398849	73.190277	0.195801	0.399805	469.500549
05081	80.000000	118.951973	68.142242	0.003161	0.500431	442.467072
05090	84.000000	175.861099	71.647377	0.200776	0.396390	467.613220
05091	82.000000	141.527649	51.744442	0.263485	0.368402	441.051514
05100	85.000000	162.877579	64.125381	0.000000	0.494334	469.356934
05101	80.000000	142.632401	64.345932	0.146209	0.427379	445.120056
05110	81.000000	173.226410	73.319748	0.264151	0.366848	465.367188
05111	83.000000	139.409790	33.365036	0.379423	0.309536	421.950287
05120	84.000000	169.045746	78.335480	0.103793	0.447563	467.124756
05121	80.000000	162.462540	48.242886	0.306769	0.346235	443.154755
05130	86.000000	155.819916	76.436172	0.000042	0.498690	468.495300
05131	89.000000	151.723358	44.722694	0.351471	0.323851	444.036560
05140	81.000000	177.525116	60.401108	0.292468	0.351304	459.480652
05141	82.000000	157.617020	42.808475	0.420711	0.288686	439.329071
05150	84.000000	169.782730	73.994514	0.124300	0.436415	466.940125
05151	87.000000	158.077499	47.232651	0.344178	0.327525	446.666443
05160	80.000000	176.375748	70.223923	0.212945	0.391874	465.560669
05161	86.000000	172.227814	44.728401	0.395290	0.302089	448.637238
05170	79.000000	161.663025	73.146545	0.048398	0.474269	459.874542
05171	84.000000	140.924561	58.186172	0.178580	0.411992	441.036530
05180	85.000000	166.998199	68.363411	0.196121	0.400261	461.878235
05181	83.000000	130.081573	49.809978	0.111730	0.443950	433.884033
05190	84.000000	155.523819	69.452347	0.031926	0.481573	462.124115
05191	86.000000	144.637695	52.540627	0.238632	0.380269	443.192963
05200	82.000000	164.036545	64.987541	0.218836	0.388299	460.166168
05201	87.000000	153.410324	47.501389	0.283872	0.357824	440.698547
05210	81.000000	181.179901	68.353882	0.248427	0.373660	470.686768
05211	82.000000	144.240845	50.168411	0.314408	0.342936	437.204285
05220	81.000000	157.973587	78.042107	0.000004	0.498538	465.441650
05221	82.000000	135.591064	64.320282	0.010506	0.496292	444.601074
05230	88.000000	157.823715	72.687973	0.082899	0.456354	466.316681
05231	84.000000	144.979767	45.896225	0.230659	0.384221	440.842041
05240	82.000000	171.317520	70.279457	0.170515	0.412892	464.295197
05241	86.000000	156.649750	48.681313	0.329099	0.335271	446.262665
05250	78.000000	165.951492	75.222519	0.116463	0.440285	465.870117
05251	83.000000	137.127136	50.190681	0.242907	0.378618	430.205597
05260	82.000000	180.406998	64.097458	0.249783	0.372221	463.988770
05261	80.000000	170.498215	49.083832	0.396894	0.302146	445.512878
05270	86.000000	155.303543	63.415516	0.000001	0.495478	462.291199
05271	82.000000	151.647812	50.478611	0.298006	0.351448	437.378296
05280	83.000000	152.425919	63.575130	0.000000	0.493669	464.958313
05281	81.000000	132.229507	52.561039	0.000000	0.498816	441.382416
05290	85.000000	176.475372	71.506912	0.140548	0.425628	476.308655
05291	86.000000	119.827866	30.919781	0.408053	0.295213	418.563568
05300	81.000000	181.033966	56.756237	0.322920	0.335450	460.921875
05301	77.000000	121.755379	68.005836	0.027714	0.487678	439.273010
05310	83.000000	174.593994	68.777420	0.232002	0.380567	465.504486
05311	81.000000	137.614822	50.130753	0.278334	0.360213	435.142883
05320	77.000000	180.067261	68.434662	0.195169	0.397929	466.555969
05321	81.000000	142.212982	52.156464	0.247897	0.375468	437.206512
05330	81.000000	174.592804	81.955338	0.138115	0.429775	478.931000
05331	84.000000	148.515427	49.222599	0.338750	0.330772	441.926117
05340	85.000000	170.000153	58.126572	0.314443	0.339973	463.566345
05341	79.000000	140.159851	55.785866	0.296441	0.352164	440.470764
05350	85.000000	145.174866	78.650269	0.040046	0.478435	469.377625
05351	84.000000	138.316711	54.396271	0.158754	0.420920	438.245514
05360	88.000000	158.217590	74.772110	0.074280	0.462171	469.343536
05361	79.000000	146.066223	38.835312	0.314132	0.341399	440.791473
05370	85.000000	169.829071	55.703972	0.028569	0.482222	464.665131
05371	82.000000	124.891258	35.893230	0.273385	0.363224	418.053101
06010	81.000000	182.884125	45.799953	0.297657	0.346405	460.432983
06011	81.000000	156.561752	45.573772	0.275873	0.361063	436.394348
06020	85.000000	148.241547	71.871162	0.006134	0.496597	459.819000
06021	80.000000	141.012848	33.778347	0.439857	0.279209	425.934937
06030	77.000000	183.437622	63.442341	0.207363	0.392883	464.168518
06031	85.000000	149.682404	55.192295	0.271906	0.364575	447.764252
06040	78.000000	161.062286	77.716881	0.000007	0.498554	467.819855
06041	82.000000	140.396500	34.916195	0.421059	0.288736	428.250061
06050	82.000000	158.594498	73.668571	0.154183	0.419367	465.284546
06051	84.000000	148.273468	59.140991	0.253618	0.373948	447.743256
06060	79.000000	179.145386	69.573357	0.264006	0.366136	463.881836
06061	79.000000	167.783646	18.605976	0.724179	0.135562	425.876831
06070	81.000000	161.033264	65.758461	0.000002	0.496614	460.122986
06071	83.000000	152.780548	52.412983	0.224778	0.386441	448.375671
06080	79.000000	165.383530	86.183426	0.000000	0.498604	475.782562
06081	80.000000	133.045700	39.321312	0.406987	0.295927	424.989929
06090	78.000000	187.966293	76.412560	0.216494	0.388437	478.945343
06091	83.000000	171.269241	50.545403	0.303076	0.346484	449.733612
06100	79.000000	171.243179	68.936356	0.207018	0.392700	466.344116
06101	83.000000	127.519241	40.173664	0.315256	0.341236	428.353210
06110	85.000000	187.634827	56.638073	0.279901	0.354549	469.162781
06111	87.000000	143.394287	57.595406	0.141971	0.429183	446.455292
06120	81.000000	179.088028	69.140442	0.241016	0.376954	469.513306
06121	82.000000	137.858124	30.672083	0.481501	0.257731	431.617493
06130	85.000000	164.780487	69.877655	0.003668	0.495032	471.898499
06131	83.000000	159.969437	52.808937	0.263637	0.368190	446.242004
06140	84.000000	195.687866	67.850555	0.304846	0.344659	477.266479
06141	81.000000	129.251328	43.010635	0.158287	0.420292	428.614502
06150	79.000000	175.719650	59.188179	0.000000	0.489805	469.301819
06151	83.000000	155.460709	55.134682	0.230059	0.385038	448.292633
06160	78.000000	178.548737	77.847801	0.131135	0.432045	466.576324
06161	80.000000	124.305183	38.553738	0.347395	0.325621	421.235840
06170	81.000000	165.616684	78.985779	0.140530	0.428464	472.815643
06171	86.000000	155.047760	49.216190	0.288666	0.354537	449.149109
06180	84.000000	190.077713	64.401428	0.271423	0.360231	468.197327
06181	81.000000	166.150360	49.155952	0.311374	0.343354	446.525391
06190	83.000000	183.385376	64.170593	0.273248	0.360322	465.513367
06191	78.000000	149.266922	55.136242	0.235642	0.382050	441.034485
06200	84.000000	166.353409	67.332878	0.118906	0.436869	463.744629
06201	80.000000	134.452911	29.877678	0.440461	0.278566	422.941650
06210	86.000000	182.441467	71.051010	0.000000	0.492792	483.728210
06211	82.000000	152.174118	48.422043	0.332767	0.333019	440.226196
06220	83.000000	190.415466	66.078667	0.257586	0.367891	473.700806
06221	83.000000	168.172623	46.901653	0.359156	0.318932	447.153137
06230	85.000000	187.525345	69.638977	0.216567	0.389420	472.872559
06231	81.000000	176.176849	53.619270	0.347419	0.326443	448.515289
06240	88.000000	172.978149	61.887234	0.262850	0.364873	466.958221
06241	79.000000	141.047699	58.889679	0.145827	0.426812	445.229919
06250	80.000000	167.697601	76.034805	0.144643	0.426374	465.169464
06251	81.000000	159.299164	47.786354	0.384075	0.307347	442.993469
06260	80.000000	178.604904	72.119850	0.244188	0.376463	465.729004
06261	82.000000	172.178848	49.421139	0.397598	0.300253	450.604156
06270	79.000000	190.743576	60.656269	0.308924	0.341748	465.525269
06271	83.000000	151.996780	61.043518	0.259608	0.370696	446.943756
06280	83.000000	184.766373	64.424698	0.308319	0.343384	466.452515
06281	84.000000	150.521942	60.627621	0.188957	0.405450	449.483612
06290	84.000000	179.950775	63.762474	0.268912	0.362972	464.603882
06291	84.000000	170.746567	56.269638	0.274612	0.362038	455.561890
06300	78.000000	176.838531	61.679852	0.315932	0.339948	458.073212
06301	85.000000	160.764099	55.526672	0.219445	0.390501	450.022705
06310	84.000000	162.654739	72.198471	0.099189	0.447603	465.447540
06311	77.000000	138.542114	59.921535	0.183701	0.408242	442.402710
06320	78.000000	156.608414	83.909508	0.053687	0.472477	463.513885
06321	77.000000	155.092529	51.375546	0.293135	0.351900	440.803436
06330	83.000000	166.548004	68.188240	0.001007	0.494399	469.331238
06331	82.000000	144.821457	60.795010	0.012636	0.493308	450.739899
06340	85.000000	164.657730	69.105705	0.169197	0.412762	465.825928
06341	82.000000	161.154602	48.259975	0.400492	0.299228	445.259094
06350	81.000000	166.635406	70.971771	0.118085	0.438578	463.342468
06351	86.000000	136.487854	66.412155	0.152278	0.424492	447.537811
06360	82.000000	150.534775	72.745918	0.067404	0.465016	458.081390
06370	80.000000	184.812119	52.030445	0.182024	0.406045	458.638519
06371	84.000000	155.193863	42.121105	0.359605	0.319785	445.831024
07010	84.000000	168.512787	36.587666	0.232621	0.378808	454.631195
07011	81.000000	145.803467	44.818630	0.170103	0.414863	442.613800
07020	83.000000	152.283112	49.874340	0.209950	0.392088	454.829803
07021	84.000000	167.805786	42.840427	0.397507	0.300081	446.592224
07030	80.000000	176.206238	55.576103	0.257435	0.367827	456.252838
07031	84.000000	151.795425	44.126137	0.359477	0.319318	437.011108
07040	81.000000	183.169373	61.611771	0.269785	0.362708	461.697662
07041	80.000000	152.490463	50.362186	0.282635	0.358301	439.495483
07050	86.000000	145.147827	57.266762	0.086387	0.455283	454.490387
07051	82.000000	121.754936	62.488323	0.016047	0.494152	432.805908
07060	83.000000	158.199326	68.447227	0.097044	0.449336	459.203217
07061	81.000000	167.758041	47.103962	0.366667	0.315785	445.835785
07070	83.000000	171.086151	58.939102	0.243469	0.376270	456.170013
07071	80.000000	157.846680	44.983662	0.400762	0.299309	435.761169
07080	84.000000	168.847214	60.705002	0.219225	0.388282	459.751892
07081	82.000000	133.066238	65.561371	0.013875	0.494150	444.202057
07090	81.000000	151.349258	75.638466	0.022950	0.486052	460.133301
07091	80.000000	164.286163	46.083229	0.378024	0.309177	444.079590
07100	85.000000	172.805771	56.516270	0.276983	0.358593	458.953186
07101	84.000000	154.875153	50.477299	0.309193	0.344746	444.031921
07110	83.000000	172.261276	59.707996	0.255727	0.371078	458.253571
07111	81.000000	161.312012	57.532761	0.234628	0.382679	445.901337
07120	81.000000	171.046799	65.128052	0.158761	0.417855	461.295685
07121	80.000000	141.013901	50.083134	0.053475	0.471914	444.146851
07130	86.000000	167.269745	59.766369	0.303778	0.346062	460.891235
07131	84.000000	158.375977	47.369640	0.307202	0.345475	445.585510
07140	85.000000	188.933426	63.637730	0.271924	0.361963	467.823944
07141	78.000000	171.082397	46.206734	0.370905	0.313843	445.198914
07150	81.000000	149.746292	70.048729	0.000003	0.498928	455.363403
07151	79.000000	133.984619	54.882263	0.120023	0.440423	431.901062
07160	77.000000	162.474884	61.490677	0.196571	0.400364	451.501007
07161	85.000000	154.148956	47.400028	0.297867	0.350490	445.968323
07170	83.000000	177.886383	69.505058	0.149721	0.423509	464.763519
07171	83.000000	159.263657	47.486656	0.308100	0.345900	442.883636
07180	83.000000	173.088226	77.460663	0.048239	0.475935	465.245361
07181	84.000000	135.006638	52.729465	0.087479	0.456699	435.371887
07190	84.000000	158.784393	48.825058	0.195351	0.398955	451.538086
07191	79.000000	176.371902	47.415405	0.382861	0.307802	447.256744
07200	85.000000	145.946426	71.003944	0.014090	0.492815	458.384674
07201	86.000000	161.544907	44.628929	0.346284	0.326098	444.621490
07210	83.000000	165.913681	57.883846	0.248122	0.373213	453.134674
07211	83.000000	155.776077	39.917080	0.369359	0.314045	440.462097
07220	87.000000	158.147003	65.074310	0.000001	0.497061	461.338440
07221	81.000000	140.919907	51.342770	0.207773	0.395713	437.336517
07230	84.000000	162.034988	64.732201	0.172198	0.413392	452.389771
07231	82.000000	143.406647	52.636345	0.198147	0.400939	441.902008
07240	84.000000	179.485489	48.854816	0.272430	0.359830	458.163574
07241	85.000000	155.143906	37.669041	0.400956	0.298569	435.953857
07250	82.000000	169.442261	62.134567	0.224228	0.385794	456.247437
07251	80.000000	165.249527	40.247562	0.416821	0.290530	437.112854
07260	87.000000	170.164444	38.900658	0.032390	0.475849	460.939606
07261	82.000000	144.064621	43.653286	0.326674	0.336593	428.411987
07270	82.000000	165.204102	61.567455	0.222775	0.386696	457.156128
07271	85.000000	156.214554	47.550861	0.312291	0.343458	443.713104
07280	83.000000	191.444626	66.317154	0.241028	0.378013	468.323486
07281	78.000000	140.064774	63.054749	0.059365	0.472007	436.783081
07290	80.000000	144.042389	74.990494	0.014457	0.493531	453.381409
07291	85.000000	145.071304	56.758511	0.160616	0.420544	436.759094
07300	82.000000	170.084854	54.427490	0.244256	0.375895	453.662445
07301	84.000000	153.309479	56.425522	0.173177	0.414620	445.913910
07310	83.000000	165.104355	65.411949	0.120289	0.437515	458.157837
07311	82.000000	143.675858	52.766769	0.269087	0.365478	437.817657
07320	86.000000	171.297562	56.527824	0.290725	0.352306	460.928436
07321	80.000000	139.926773	31.992142	0.358236	0.318401	434.372070
07330	80.000000	184.039032	58.656319	0.303666	0.347104	459.566925
07331	81.000000	165.549988	51.950623	0.299434	0.349450	445.628510
07340	80.000000	164.603653	50.957581	0.176774	0.409405	454.997986
07341	83.000000	161.021881	37.101547	0.423285	0.286404	440.924896
07351	84.000000	151.115082	48.025970	0.323605	0.337661	442.027435
07360	85.000000	174.360809	55.369553	0.132694	0.431861	464.865417
07361	83.000000	132.747971	48.295280	0.067562	0.466590	429.557251
07370	85.000000	163.466507	34.601860	0.098265	0.445922	456.803314
07371	84.000000	173.474792	39.673866	0.292067	0.353157	442.764862
08010	88.000000	174.164963	49.265709	0.162277	0.416071	461.889435
08011	87.000000	153.149277	34.346119	0.305962	0.345760	429.376465
08020	84.000000	181.303131	69.155396	0.128343	0.430739	472.026520
08021	83.000000	153.433945	34.949501	0.387857	0.304649	422.451447
08030	78.000000	146.109177	70.853737	0.017127	0.489266	454.504730
08031	85.000000	152.863571	43.294670	0.322076	0.338121	437.532318
08040	83.000000	164.258240	84.332504	0.057745	0.470979	469.166046
08041	83.000000	130.632812	51.033333	0.000000	0.499609	434.994720
08050	80.000000	190.121719	56.546116	0.253081	0.369973	464.100555
08051	81.000000	173.242493	42.768864	0.299602	0.348100	444.419800
08060	80.000000	192.374023	69.711586	0.224888	0.385158	471.680786
08061	78.000000	156.698212	40.777336	0.355702	0.320854	432.892151
08070	86.000000	178.252625	66.508003	0.200437	0.398008	465.817444
08071	82.000000	157.830200	50.626957	0.199186	0.399469	445.018982
08080	83.000000	187.960449	69.852097	0.235231	0.380046	468.476105
08081	83.000000	130.821060	40.074833	0.207180	0.396143	431.907928
08090	81.000000	153.423752	79.961411	0.000000	0.498045	466.363678
08091	86.000000	168.454620	75.359810	0.091793	0.455730	460.708588
08100	83.000000	2391.007812	863.823547	0.000093	45.141674	491.028809
08101	82.000000	124.561348	56.754444	0.000000	0.500300	431.318787
08110	84.000000	167.160599	68.116852	0.175714	0.410908	462.479828
08111	83.000000	154.627167	48.273369	0.227948	0.385425	445.973114
08120	80.000000	200.459686	73.944572	0.203872	0.396200	481.898132
08121	82.000000	128.903198	48.312386	0.000001	0.498070	437.622986
08130	80.000000	183.508453	60.407288	0.280068	0.356598	456.830933
08131	84.000000	176.427078	63.665096	0.220150	0.390681	454.746552
08140	80.000000	198.422028	68.770889	0.265956	0.364942	471.824951
08141	77.000000	147.110809	42.907951	0.340188	0.329022	434.002411
08150	79.000000	173.159470	63.093163	0.239575	0.377888	457.441040
08160	81.000000	194.305145	66.929657	0.281601	0.355991	464.511230
08161	84.000000	137.889618	50.381420	0.158085	0.420529	440.989441
08170	86.000000	171.174988	71.648560	0.133152	0.432310	464.554199
08171	84.000000	144.812454	74.250114	0.018785	0.492596	450.286224
08180	84.000000	176.922287	65.820213	0.225093	0.386360	462.364319
08181	86.000000	146.956024	49.138268	0.244886	0.376808	443.482269
08190	81.000000	180.895248	57.232922	0.295835	0.351026	454.980469
08191	81.000000	143.991302	47.606644	0.063633	0.466620	435.648010
08200	83.000000	167.843262	67.521080	0.190284	0.403925	459.218262
08201	84.000000	159.004807	37.773506	0.406702	0.295269	435.814819
08210	84.000000	150.970291	70.206596	0.112374	0.443298	459.903259
08211	80.000000	143.358887	49.732555	0.241259	0.379212	431.164795
08220	82.000000	167.632797	71.527039	0.040605	0.476671	463.635254
08221	79.000000	137.616028	52.654819	0.071950	0.462886	435.560181
08230	83.000000	177.947769	58.791954	0.260204	0.366951	458.969299
08231	84.000000	139.128479	51.402203	0.076117	0.462227	441.274139
08240	85.000000	180.181259	60.456974	0.299715	0.348068	460.559692
08241	83.000000	143.724960	50.747227	0.252343	0.373364	441.354034
08250	82.000000	171.559753	69.986801	0.157301	0.418654	462.706329
08251	83.000000	137.312073	58.454384	0.146155	0.427745	439.507721
08260	80.000000	181.993088	63.644665	0.248371	0.374580	459.651367
08261	84.000000	143.276260	46.924889	0.204669	0.397538	437.195709
08270	84.000000	189.832550	80.454224	0.067935	0.466265	479.788300
08271	86.000000	143.031967	42.308929	0.260346	0.368754	439.816162
08280	80.000000	161.859161	74.805435	0.107372	0.445339	459.984863
08281	78.000000	135.667435	54.329655	0.176581	0.411149	441.036957
08290	82.000000	150.133820	62.404831	0.000011	0.497117	454.758575
08291	74.000000	153.049988	40.952518	0.368580	0.315074	431.425415
08300	82.000000	166.297913	72.166443	0.158609	0.419875	461.587646
08301	83.000000	153.461212	42.880852	0.340806	0.328762	438.937012
08310	77.000000	171.307587	75.619064	0.204990	0.396404	464.502258
08311	86.000000	157.194901	46.015240	0.296370	0.350651	445.380951
08320	82.000000	146.372955	57.248329	0.194516	0.398565	457.344421
08321	80.000000	158.543869	42.251324	0.403819	0.297045	431.716248
08330	87.000000	155.433105	75.394279	0.107630	0.445886	464.832336
08331	84.000000	151.782455	42.982300	0.337554	0.329888	439.437347
08340	79.000000	175.086746	56.530132	0.305335	0.342970	460.168701
08341	82.000000	148.375427	47.708160	0.341104	0.329332	437.721832
08350	80.000000	172.936478	73.296448	0.240487	0.378850	463.516693
08351	84.000000	145.646439	47.285442	0.162444	0.418807	438.458954
08360	81.000000	169.280014	74.598267	0.110663	0.445269	463.753906
08361	84.000000	152.308441	38.860577	0.375243	0.311287	443.792542
08370	86.000000	189.567108	57.437744	0.047239	0.471338	477.290710
08371	84.000000	155.334244	38.058819	0.233424	0.384074	430.351105
09010	81.000000	170.522690	38.376274	0.200907	0.394680	456.113678
09011	84.000000	159.162064	47.906563	0.229916	0.384206	449.437225
09020	81.000000	165.849442	51.416676	0.148953	0.421561	453.312317
09021	81.000000	164.704727	40.142796	0.495421	0.250739	437.112946
09030	81.000000	153.825409	69.956703	0.000003	0.500268	455.652527
09031	84.000000	164.207794	47.360573	0.364663	0.318301	438.008820
09040	79.000000	178.113953	50.098087	0.217528	0.386814	455.052765
09041	80.000000	159.868622	44.837868	0.412172	0.293145	440.606964
09050	79.000000	184.908997	52.034294	0.217732	0.385741	462.288361
09051	81.000000	171.597031	44.072269	0.430152	0.284850	439.434418
09060	81.000000	185.199295	54.722366	0.195338	0.398663	459.533783
09061	81.000000	158.424362	47.306385	0.312230	0.343744	440.349731
09070	76.000000	160.275879	45.988609	0.183955	0.403463	446.409576
09071	77.000000	162.127594	41.197338	0.419880	0.289396	438.241791
09080	80.000000	196.705063	46.030575	0.282806	0.352604	457.721619
09081	80.000000	187.022858	41.380688	0.345931	0.324371	448.526825
09090	82.000000	169.770844	45.837914	0.197684	0.396055	453.347565
09091	86.000000	151.371033	36.708839	0.366681	0.313758	439.550537
09100	80.000000	163.605865	69.361725	0.067373	0.466786	456.838104
09101	82.000000	151.538239	57.030426	0.288489	0.351115	447.741608
09110	80.000000	180.529770	60.405411	0.175138	0.409242	458.351807
09111	86.000000	167.555557	40.153858	0.384389	0.299133	442.327484
09120	84.000000	175.982651	64.207375	0.112493	0.443321	457.266846
09121	84.000000	175.224426	44.821774	0.430434	0.284098	444.162689
09130	82.000000	186.107117	51.172512	0.265365	0.363016	460.050110
09131	83.000000	148.109848	28.302629	0.429449	0.283804	424.386139
09140	82.000000	172.167404	60.474819	0.160041	0.417203	458.122223
09141	84.000000	164.564987	38.011990	0.421067	0.287582	437.932526
09150	86.000000	172.517654	57.200626	0.154008	0.418125	458.909027
09151	80.000000	161.691833	55.819260	0.225224	0.389077	441.546509
09160	83.000000	165.642883	63.016724	0.122001	0.438443	457.172760
09161	79.000000	149.796677	53.886192	0.265212	0.368251	434.129456
09170	79.000000	171.699081	54.281082	0.245782	0.373301	450.463928
09171	79.000000	4040.998779	232.811539	0.811313	61556.824219	414.867035
09180	82.000000	156.421799	64.335617	0.041750	0.477969	455.813446
09181	82.000000	138.926865	64.212273	0.101633	0.450773	440.051636
09190	88.000000	177.424500	50.580853	0.198269	0.397227	462.263855
09191	85.000000	176.376419	43.193478	0.365090	0.316101	445.656891
09200	80.000000	179.306854	61.198723	0.173520	0.410597	456.363190
09201	82.000000	195.149887	46.049255	0.344598	0.326963	452.369293
09210	79.000000	169.909607	50.125950	0.276221	0.358027	450.925690
09211	84.000000	170.163498	44.379616	0.365436	0.317233	444.886169
09220	80.000000	174.802933	51.034805	0.281340	0.355405	450.798767
09221	85.000000	194.523727	53.237877	0.287678	0.355212	458.891754
09230	83.000000	169.195709	58.576881	0.112503	0.441601	455.343628
09231	79.000000	139.812637	70.655510	0.000001	0.502649	444.675079
09240	83.000000	184.696335	55.929947	0.291307	0.352408	458.817352
09241	86.000000	156.463974	50.751984	0.283358	0.358637	436.727448
09250	80.000000	170.607986	51.134022	0.230402	0.380440	450.386200
09251	79.000000	163.143097	46.472363	0.365085	0.317358	440.154785
09260	83.000000	164.269287	73.104439	0.078433	0.461025	461.075409
09261	82.000000	164.730072	45.627266	0.378289	0.310187	443.926392
09270	82.000000	166.607788	63.166969	0.102786	0.446986	456.836548
09271	80.000000	163.373917	48.339996	0.343091	0.327972	438.108948
09280	84.000000	184.143112	56.749195	0.282898	0.355854	458.536316
09281	80.000000	163.418381	47.226799	0.406832	0.296252	433.124207
09290	79.000000	156.929977	73.823738	0.089302	0.454303	454.552826
09291	79.000000	176.565079	42.061825	0.410045	0.294471	439.843506
09300	82.000000	179.376648	65.696144	0.169737	0.415306	460.414734
09301	78.000000	156.924225	57.306740	0.321444	0.340929	440.156769
09310	79.000000	178.320267	54.841145	0.269179	0.362001	452.893005
09311	82.000000	147.682404	61.070908	0.225480	0.388242	446.651245
09320	80.000000	160.756775	60.858303	0.141274	0.427047	453.825317
09321	79.000000	171.584229	46.128422	0.379126	0.308991	443.114349
09330	81.000000	153.981827	58.748627	0.131816	0.432322	451.256500
09331	80.000000	168.049271	49.461155	0.332656	0.333186	448.121552
09340	81.000000	162.825714	46.501190	0.186966	0.402782	450.408905
09341	82.000000	168.863159	44.550316	0.443589	0.277638	442.062714
09350	81.000000	178.262817	52.986462	0.272524	0.360973	455.841888
09351	79.000000	164.291229	50.466660	0.364920	0.317168	445.355438
09360	82.000000	231.551529	81.704720	0.000000	0.473008	467.832947
09361	85.000000	158.281143	43.783886	0.378630	0.311239	433.804443
09370	85.000000	165.971283	46.321537	0.131269	0.433095	454.875061
09371	83.000000	169.903870	41.628117	0.246567	0.376256	449.836700
10010	82.000000	178.371857	43.344841	0.154813	0.417897	458.510773
10011	80.000000	152.967392	55.665657	0.113598	0.444362	445.854919
10020	86.000000	170.087952	63.220222	0.062036	0.466115	463.219513
10021	86.000000	131.913361	67.269264	0.000002	0.501520	448.179504
10030	79.000000	171.889618	72.655350	0.044712	0.475623	468.386932
10031	82.000000	159.588303	48.078323	0.344514	0.327764	439.185028
10040	79.000000	171.349930	61.962284	0.127785	0.434699	455.210297
10041	80.000000	168.212387	43.434925	0.390514	0.304480	437.516388
10050	83.000000	195.759094	65.856491	0.265512	0.365333	467.382202
10051	79.000000	152.921875	50.904953	0.280403	0.360020	439.407684
10060	84.000000	175.100021	66.228912	0.114998	0.440428	464.800171
10061	83.000000	161.854919	57.914852	0.312325	0.344172	447.190033
10070	83.000000	184.722458	64.701614	0.119193	0.437895	463.545807
10071	84.000000	163.725311	54.361183	0.275642	0.363137	446.225494
10080	82.000000	177.434677	79.126343	0.026485	0.486563	467.566833
10081	84.000000	158.184280	56.065067	0.207390	0.396979	446.183868
10090	85.000000	172.454590	61.339348	0.196192	0.396784	465.698822
10091	87.000000	168.297028	50.432381	0.281233	0.357644	453.669678
10100	83.000000	155.627441	84.357452	0.000062	0.504372	458.843872
10101	81.000000	163.111801	53.934864	0.261387	0.367865	447.044006
10110	89.000000	180.545395	74.286209	0.060434	0.470140	468.947052
10111	81.000000	156.529648	57.760773	0.196516	0.403190	443.270203
10120	83.000000	182.410812	72.582886	0.000000	0.495725	470.462524
10121	87.000000	156.279022	48.863010	0.287954	0.354925	445.634369
10130	84.000000	174.043808	48.138515	0.228073	0.383211	454.396667
10131	80.000000	166.925995	51.309975	0.308070	0.346040	444.856415
10140	81.000000	200.785553	52.176109	0.238616	0.375492	463.803741
10141	77.000000	161.876465	49.305855	0.348318	0.325926	440.768280
10150	85.000000	178.737595	70.566765	0.148402	0.425897	462.961853
10151	87.000000	142.252411	49.925678	0.098659	0.450976	433.998657
10160	77.000000	167.966583	71.863495	0.117978	0.442115	456.261780
10161	83.000000	174.503189	44.304901	0.420266	0.289551	443.364471
10170	82.000000	182.725418	49.730640	0.213120	0.388927	457.156464
10171	81.000000	168.379257	48.577595	0.331928	0.333678	446.697815
10180	84.000000	179.971680	66.098076	0.115464	0.440344	467.226257
10181	81.000000	172.458908	46.781834	0.351743	0.323233	444.481903
10190	82.000000	173.853928	63.293247	0.058289	0.466959	463.963165
10191	84.000000	155.093552	47.836075	0.293970	0.352126	441.330383
10200	84.000000	202.068085	57.607338	0.286803	0.352497	468.530487
10201	85.000000	169.702179	48.679813	0.334305	0.332808	448.735626
10210	84.000000	173.608032	79.456398	0.000002	0.499370	466.821625
10211	81.000000	153.724319	41.626648	0.378179	0.309969	431.439240
10220	86.000000	180.531036	71.278244	0.142468	0.425995	470.201538
10221	80.000000	168.677795	49.010372	0.324065	0.337213	446.579926
10230	89.000000	201.289368	76.811684	0.131811	0.432681	486.384613
10231	79.000000	157.563385	50.379101	0.310538	0.344892	438.207153
10240	81.000000	170.400604	79.243370	0.000000	0.499342	466.400085
10241	84.000000	163.125610	56.232803	0.243566	0.379022	445.791840
10250	81.000000	172.265182	78.166718	0.017648	0.490828	465.989716
10251	78.000000	162.933533	55.870708	0.288371	0.357115	441.867584
10260	83.000000	193.403351	61.359673	0.240258	0.376230	466.236511
10261	82.000000	185.838669	41.157948	0.346452	0.324634	450.658844
10270	85.000000	185.567703	57.347733	0.243325	0.376046	462.820618
10271	86.000000	174.152939	43.515347	0.375954	0.311690	448.405273
10280	84.000000	203.754730	68.903557	0.169462	0.410275	480.534454
10281	84.000000	168.277405	58.043270	0.281902	0.360061	451.116119
10290	81.000000	174.973846	59.489491	0.000000	0.493819	466.485687
10291	80.000000	172.345352	48.360310	0.370346	0.315336	443.563538
10300	84.000000	190.607864	69.547920	0.164007	0.414922	472.163239
10301	84.000000	165.069870	46.930939	0.395556	0.301916	440.286224
10310	84.000000	177.676407	64.017464	0.224111	0.384392	463.798370
10311	84.000000	158.578003	54.559185	0.314521	0.342361	447.910706
10320	88.000000	188.642395	75.528236	0.103863	0.446077	480.239075
10321	84.000000	164.372879	56.758492	0.248547	0.376357	447.570587
10330	84.000000	165.240570	64.650711	0.029894	0.480935	464.448761
10331	79.000000	175.911926	42.769691	0.435675	0.281042	439.896454
10340	82.000000	183.901871	80.845734	0.054183	0.473313	474.150696
10341	77.000000	159.980438	47.010223	0.329688	0.335142	438.691467
10350	86.000000	165.558075	64.958199	0.125127	0.434945	465.898499
10351	83.000000	166.568146	44.634651	0.387916	0.305239	439.781219
10360	79.000000	169.912262	70.478287	0.141643	0.428848	461.307373
10361	79.000000	177.764725	47.224800	0.335460	0.332811	445.786591
10370	82.000000	181.957489	44.648052	0.129230	0.430310	462.321899
10371	80.000000	159.205582	44.819374	0.193306	0.403408	434.216980
11010	82.000000	166.058197	52.377666	0.144277	0.425497	456.863739
11011	85.000000	151.185989	56.928329	0.000001	0.500707	449.233002
11020	78.000000	172.262939	66.634064	0.159405	0.420197	455.599854
11021	81.000000	171.588821	50.825203	0.399416	0.300381	443.658875
11030	82.000000	182.615753	59.438026	0.231197	0.380744	459.784637
11031	81.000000	160.900650	53.492207	0.268784	0.365348	448.697662
11040	83.000000	162.081711	60.175777	0.117308	0.438705	458.138153
11041	81.000000	144.297073	60.819080	0.166072	0.418152	442.296570
11050	84.000000	178.278214	58.825493	0.207399	0.392040	462.653961
11051	83.000000	165.728790	55.411510	0.343437	0.327860	451.872772
11060	83.000000	158.649216	61.821121	0.116420	0.439626	456.921692
11061	80.000000	140.325592	62.008656	0.140319	0.430663	444.383881
11070	81.000000	180.226715	64.713776	0.194258	0.400809	460.575531
11071	86.000000	149.953796	48.377354	0.000000	0.496067	454.772614
11080	84.000000	158.985214	75.325737	0.000001	0.500098	461.492188
11081	81.000000	154.294250	70.590332	0.117874	0.442961	453.289764
11090	85.000000	169.735931	67.670090	0.001937	0.496256	464.321167
11091	79.000000	179.509766	66.720596	0.337949	0.332858	455.688934
11100	83.000000	182.295197	56.253998	0.257575	0.367467	459.093231
11101	81.000000	175.504410	50.253143	0.408832	0.294829	448.190521
11110	81.000000	186.559952	55.396641	0.228125	0.382663	460.436920
11111	83.000000	157.341003	59.153252	0.184688	0.407670	452.620575
11120	84.000000	188.806091	68.162170	0.110635	0.442407	467.883759
11121	82.000000	169.127838	54.494724	0.291707	0.353101	450.730743
11130	79.000000	165.030746	65.190918	0.061547	0.466429	459.556732
11131	84.000000	161.837097	51.552814	0.342813	0.328213	448.061737
11140	83.000000	186.745499	54.587196	0.259171	0.365696	461.786835
11141	81.000000	157.772385	57.934406	0.273608	0.363915	444.532257
11150	80.000000	193.158615	57.684586	0.279572	0.356911	464.262054
11151	81.000000	163.994965	55.944687	0.289046	0.355934	446.994995
11160	82.000000	180.907852	66.662621	0.145791	0.424933	466.927002
11161	88.000000	167.738434	49.617271	0.341146	0.329854	449.797729
11170	80.000000	176.495483	63.221111	0.203188	0.395805	461.788116
11171	83.000000	170.137344	55.100647	0.290788	0.355268	450.925293
11180	81.000000	185.097672	65.869469	0.217862	0.388733	465.529785
11181	83.000000	167.263397	46.504639	0.377649	0.311133	444.877197
11190	83.000000	189.226807	62.656574	0.186728	0.403759	465.634583
11191	87.000000	176.907974	49.729061	0.385866	0.305382	453.323700
11200	86.000000	174.106689	61.575127	0.199690	0.397492	462.503815
11201	86.000000	158.375702	52.535278	0.281622	0.359350	447.588257
11210	81.000000	172.119614	76.138474	0.085336	0.457633	465.251801
11211	84.000000	167.176041	54.541935	0.350213	0.324917	450.538910
11220	82.000000	173.382416	77.801758	0.002119	0.499246	470.366577
11221	80.000000	163.376083	63.102394	0.230974	0.385153	452.073364
11230	85.000000	181.251892	64.239983	0.204561	0.395717	465.406403
11231	82.000000	168.325745	45.024349	0.351671	0.323436	445.415710
11240	87.000000	168.604080	71.172882	0.108876	0.444651	465.174988
11241	86.000000	151.136902	68.822906	0.098779	0.452009	455.029816
11250	84.000000	180.224136	64.748528	0.136355	0.429266	464.215393
11251	83.000000	167.544296	49.689297	0.364791	0.316674	452.563751
11260	80.000000	175.349030	68.800865	0.142413	0.427545	458.548676
11261	82.000000	165.505936	45.329239	0.375658	0.311121	446.956116
11270	84.000000	176.787872	69.417099	0.185753	0.406319	464.988708
11271	82.000000	157.824539	50.623833	0.262864	0.368862	447.221466
11280	82.000000	168.062851	66.269379	0.049870	0.472439	461.478973
11281	79.000000	162.657990	57.302998	0.318985	0.340445	446.096161
11290	79.000000	185.486664	69.173058	0.195318	0.401607	464.064209
11291	73.000000	178.680679	55.867760	0.375535	0.312193	448.202881
11300	88.000000	179.546768	53.480728	0.259982	0.366249	464.812592
11301	81.000000	144.411285	68.272026	0.101254	0.451002	448.613861
11310	81.000000	167.117966	65.523079	0.148249	0.423587	457.319733
11311	83.000000	136.916122	64.460464	0.120242	0.440435	447.251373
11320	82.000000	183.015289	67.451965	0.217659	0.390113	464.598206
11321	86.000000	156.793243	47.439007	0.421652	0.288268	442.398254
11330	81.000000	161.572800	74.048027	0.000000	0.497112	464.318665
11331	85.000000	165.781387	60.364632	0.228928	0.386223	453.894989
11340	81.000000	172.816681	70.703430	0.119756	0.439289	461.624054
11341	84.000000	166.909012	55.637619	0.315411	0.342491	450.618317
11350	83.000000	169.063721	68.068665	0.024715	0.484589	466.272644
11351	82.000000	152.743896	55.374924	0.268866	0.365354	445.921875
11360	82.000000	180.561844	56.037724	0.199461	0.396236	462.473877
11361	82.000000	167.346832	40.991062	0.430588	0.283730	440.256439
11370	84.000000	163.764755	49.097446	0.113458	0.438744	464.118683
11371	83.000000	156.489883	43.377895	0.172452	0.413415	440.602081
