00010	86.000000	171.899765	44.639744	0.170992	0.410751	453.349426
00011	82.000000	146.469299	40.531528	0.326971	0.334151	443.151306
00020	85.000000	147.935471	73.762482	0.000002	0.499288	462.003204
00021	80.000000	133.246124	60.947002	0.420289	0.289287	445.705383
00030	87.000000	172.898819	66.777443	0.118909	0.437832	471.657104
00031	86.000000	184.095459	58.216721	0.407895	0.295674	458.402710
00040	81.000000	161.699402	71.597084	0.027827	0.483771	467.349274
00041	82.000000	168.761688	69.327515	0.330408	0.336252	456.916901
00050	108.000000	186.601334	67.383659	0.162774	0.414170	489.042725
00051	83.000000	120.289093	59.766777	0.195175	0.401641	445.348602
00060	81.000000	162.238739	66.895721	0.115436	0.440392	458.115845
00061	81.000000	140.798096	51.345081	0.441782	0.278614	444.210571
00070	105.000000	187.757004	50.192715	0.377836	0.307086	476.915161
00071	83.000000	154.043564	73.731712	0.116295	0.443167	456.380585
00080	110.000000	179.858856	63.307457	0.168860	0.413173	485.510895
00081	89.000000	179.040207	53.037483	0.366292	0.316205	457.880249
00090	107.000000	186.529144	73.831841	0.173793	0.411075	484.178406
00091	81.000000	116.750038	65.189537	0.124168	0.437902	442.190857
00100	107.000000	179.920074	66.805107	0.153583	0.420138	485.169952
00101	82.000000	128.718262	64.016533	0.220659	0.388568	448.999939
00110	111.000000	732.898010	6.345705	0.703385	63247.210938	498.076111
00111	81.000000	151.540466	71.776306	0.092497	0.454355	457.085907
00120	108.000000	193.108429	58.261169	0.269578	0.362178	483.596710
00121	80.000000	160.454483	62.706505	0.289709	0.354831	450.679871
00130	109.000000	186.447006	53.987103	0.273755	0.359828	481.528717
00131	86.000000	165.544922	63.959248	0.452491	0.273577	456.443359
00140	105.000000	190.442093	60.167210	0.262093	0.364960	479.488159
00141	82.000000	123.580986	57.578720	0.309267	0.344255	444.904083
00150	76.000000	186.733353	57.343891	0.236162	0.379135	456.678986
00151	80.000000	143.156570	71.689362	0.000006	0.501205	452.536194
00160	85.000000	180.173508	59.101345	0.260466	0.366989	461.484985
00161	78.000000	169.566010	49.337067	0.400024	0.298769	446.560486
00170	82.000000	172.055038	67.529404	0.141768	0.427715	460.443665
00171	85.000000	136.242554	55.289181	0.301563	0.348719	447.336548
00180	110.000000	168.305237	72.613785	0.070366	0.464165	483.291473
00181	83.000000	150.641769	65.626793	0.122301	0.439027	454.245850
00190	84.000000	166.407440	63.855999	0.160764	0.416974	459.324341
00191	80.000000	117.794609	69.115585	0.000651	0.498916	446.992340
00200	102.000000	177.449554	57.673519	0.285587	0.353413	474.097076
00201	77.000000	155.501236	53.984982	0.348251	0.324340	445.681610
00210	113.000000	181.335190	64.570755	0.145799	0.424554	488.062378
00211	81.000000	170.867813	55.114220	0.346632	0.326931	449.636871
00220	108.000000	164.801239	63.523289	0.091471	0.450781	480.399292
00221	83.000000	128.224365	56.523823	0.305005	0.346049	445.885468
00230	114.000000	185.765503	61.906883	0.229477	0.381909	487.910034
00231	81.000000	170.438614	53.223820	0.376448	0.311642	447.947540
00240	84.000000	172.505722	77.511925	0.085797	0.456405	471.438538
00241	79.000000	187.907410	50.829136	0.404257	0.297271	452.111420
00250	83.000000	178.196609	64.434509	0.214954	0.389930	463.290558
00251	84.000000	135.213440	66.861328	0.218554	0.390526	450.683289
00260	85.000000	193.047409	76.249405	0.130721	0.433038	477.980804
00261	84.000000	153.062454	52.644249	0.455451	0.271565	446.430054
00270	83.000000	174.392990	52.044235	0.342242	0.326428	456.022369
00271	82.000000	162.885406	55.935261	0.325778	0.337041	452.059601
00280	85.000000	163.004501	66.043282	0.049579	0.472626	462.516418
00281	83.000000	161.829193	57.602673	0.323220	0.337458	451.216278
00290	87.000000	181.232178	73.682274	0.140116	0.427881	472.696442
00291	86.000000	121.132286	71.037407	0.137421	0.431180	451.118439
00300	79.000000	184.268127	69.258102	0.215765	0.391045	462.820465
00301	77.000000	149.013779	57.204796	0.468159	0.265488	444.061676
00310	79.000000	175.610474	59.201321	0.286207	0.353983	455.794647
00311	81.000000	174.989334	50.297054	0.375425	0.310844	449.216736
00320	83.000000	177.474106	82.167885	0.188790	0.404779	471.818481
00321	84.000000	181.058121	48.172749	0.413842	0.291890	453.712708
00330	80.000000	158.170364	72.250633	0.017840	0.490057	458.177124
00331	83.000000	114.942505	58.593204	0.202428	0.398329	441.072144
00340	81.000000	186.788956	56.224545	0.324426	0.334584	456.824799
00341	86.000000	145.861984	48.388184	0.382655	0.307559	448.255615
00350	83.000000	167.099930	61.801201	0.000000	0.494104	467.483307
00351	79.000000	191.664795	49.808811	0.462447	0.267639	453.182648
00360	83.000000	176.535980	61.382439	0.275221	0.361584	458.618744
00361	85.000000	173.653656	57.922188	0.352553	0.324563	451.696014
00370	79.000000	165.014893	55.395580	0.026723	0.485267	451.864807
00371	80.000000	119.518410	74.188347	0.006024	0.498243	449.102051
01010	81.000000	181.011063	44.780499	0.216708	0.386463	456.560822
01011	82.000000	155.951340	42.479481	0.243911	0.378286	435.590637
01020	83.000000	184.798660	76.121437	0.191474	0.403279	472.265045
01021	81.000000	153.746506	59.526882	0.246120	0.377640	442.860229
01030	82.000000	184.237686	59.728340	0.258221	0.366961	467.892853
01031	81.000000	144.538116	43.860382	0.314194	0.341999	438.729340
01040	83.000000	181.068420	65.739120	0.239503	0.378725	464.609253
01041	83.000000	160.802887	76.453827	0.058222	0.474077	456.965637
01050	81.000000	175.036057	85.713181	0.089364	0.455971	476.858185
01051	83.000000	159.361633	44.313896	0.378987	0.310075	440.293243
01060	87.000000	172.129547	76.339279	0.125512	0.437054	473.482758
01061	82.000000	176.489990	57.678917	0.289199	0.355488	454.550446
01070	79.000000	171.663635	83.456734	0.137028	0.432153	470.292023
01071	83.000000	139.772385	64.443634	0.084291	0.459227	443.572052
01080	88.000000	173.803711	71.359695	0.075574	0.461552	470.221802
01081	82.000000	150.023880	62.644096	0.095508	0.453041	449.644012
01090	81.000000	172.112778	73.308342	0.129261	0.432963	463.955963
01091	86.000000	170.500290	47.826401	0.393161	0.303117	446.061432
01100	82.000000	175.588486	75.533272	0.078682	0.457980	468.256927
01101	116.000000	176.049194	54.112377	0.357239	0.320893	475.254974
01110	79.000000	179.249130	84.104721	0.024571	0.489320	473.143311
01111	85.000000	143.428696	51.920685	0.127194	0.435886	444.909668
01120	78.000000	163.711426	80.608383	0.000000	0.497695	469.336823
01121	82.000000	155.567795	52.373550	0.273009	0.362677	444.717499
01130	86.000000	178.908386	71.250534	0.152235	0.422907	468.553772
01131	79.000000	164.183929	40.906326	0.389703	0.303555	440.680878
01140	81.000000	198.324188	65.707626	0.284153	0.353719	470.572418
01141	78.000000	161.918884	66.928642	0.151035	0.426205	449.277527
01150	81.000000	215.879456	186.898285	0.004113	0.617884	476.331696
01151	81.000000	143.700012	49.739651	0.199304	0.399738	437.338898
01160	81.000000	181.474777	65.291565	0.278469	0.358753	460.991943
01161	81.000000	162.009659	61.026726	0.241093	0.380096	448.728973
01170	84.000000	171.796371	78.690796	0.016863	0.490904	470.609131
01171	84.000000	138.791351	53.617706	0.213556	0.393412	434.788635
01180	82.000000	167.771301	71.625580	0.210531	0.392777	462.235596
01181	81.000000	149.798096	44.224602	0.391417	0.303303	438.949066
01190	80.000000	171.867035	74.389511	0.122340	0.438535	464.087524
01191	80.000000	177.671112	48.572121	0.364947	0.316640	449.741028
01200	81.000000	176.133621	73.359406	0.000000	0.498342	473.215729
01201	79.000000	168.574554	56.957664	0.337507	0.331413	449.099152
01210	81.000000	180.346893	69.472084	0.159838	0.417348	466.581055
01211	78.000000	165.078064	56.378269	0.287768	0.356285	447.280670
01220	83.000000	176.078247	72.778336	0.080585	0.457920	466.305878
01221	83.000000	156.087692	47.777931	0.329313	0.334140	444.333466
01230	83.000000	184.188141	66.156815	0.232343	0.382647	462.392273
01231	83.000000	133.347382	38.207806	0.389153	0.304688	424.309082
01240	88.000000	174.557281	71.648979	0.051729	0.472062	471.122162
01241	83.000000	151.187790	58.635010	0.268333	0.366086	445.389374
01250	80.000000	182.671204	59.781857	0.257963	0.366941	462.603149
01251	81.000000	147.153198	56.840275	0.194116	0.402906	445.518433
01260	76.000000	183.045685	62.627510	0.275035	0.361314	453.712524
01261	80.000000	176.288467	52.007217	0.340850	0.329244	448.135223
01270	84.000000	170.491821	75.615158	0.142637	0.428201	465.140564
01271	84.000000	165.902802	50.100365	0.347720	0.325582	451.840729
01280	87.000000	168.142548	62.318752	0.078665	0.457432	464.321625
01281	83.000000	134.040222	54.076710	0.184922	0.407326	439.086182
01290	83.000000	177.216354	66.977455	0.253922	0.372102	464.011536
01291	79.000000	163.603836	52.024117	0.341234	0.329589	443.555695
01300	82.000000	174.311996	146.419266	0.007675	0.532937	474.414276
01301	79.000000	157.444778	44.288643	0.380401	0.308546	442.115479
01310	86.000000	158.005112	76.738564	0.000000	0.498061	468.351593
01311	83.000000	150.193130	60.594059	0.182195	0.408204	448.955200
01320	85.000000	181.510345	71.750900	0.211891	0.393028	470.192200
01321	81.000000	162.344467	54.130493	0.280626	0.358867	446.130219
01330	78.000000	158.962585	78.204720	0.000000	0.498232	462.042084
01331	79.000000	6147.482910	2126.884033	0.000001	160.449036	421.414185
01340	82.000000	167.365326	66.586441	0.063004	0.464266	465.525360
01341	83.000000	129.223541	62.562885	0.121905	0.439883	444.589172
01350	80.000000	147.995285	86.730942	0.000000	0.502912	458.251343
01351	81.000000	129.150528	54.320938	0.072655	0.463660	435.895813
01360	81.000000	186.286392	64.543884	0.080656	0.454349	471.040771
01361	83.000000	161.189560	37.906620	0.425313	0.286238	438.930115
01370	79.000000	181.598770	52.870659	0.218131	0.390608	453.404816
01371	86.000000	158.548355	39.405609	0.293521	0.353871	430.079590
02010	83.000000	193.604370	44.831776	0.203112	0.393180	461.215912
02011	84.000000	124.047874	29.380869	0.200137	0.397960	443.628601
02020	82.000000	158.056320	64.264565	0.038420	0.479330	457.525452
02021	85.000000	151.889633	45.881718	0.321876	0.337697	438.529938
02030	83.000000	196.229630	70.604073	0.192366	0.400402	471.736755
02031	82.000000	137.179901	49.058193	0.213912	0.392262	441.116791
02040	84.000000	176.046570	89.034630	0.014703	0.493736	474.304230
02041	80.000000	154.009567	53.354095	0.276272	0.361521	444.545319
02050	86.000000	178.211212	75.203979	0.125668	0.434129	475.560638
02051	81.000000	126.727158	47.003902	0.136716	0.430694	427.575073
02060	81.000000	194.697464	59.030457	0.296490	0.348056	461.984528
02061	79.000000	143.016403	46.664394	0.314728	0.342247	432.728394
02070	82.000000	196.274414	65.937920	0.212410	0.390246	469.656982
02071	78.000000	157.705505	51.461449	0.308313	0.345563	440.551086
02080	87.000000	173.483124	71.957642	0.128881	0.434022	468.932098
02081	89.000000	149.570114	48.820885	0.243707	0.377750	446.119415
02090	83.000000	185.846054	73.294327	0.179094	0.405678	470.134521
02091	84.000000	161.986038	44.055660	0.348423	0.322497	443.408264
02100	79.000000	172.392563	76.252144	0.122197	0.437729	459.454834
02101	85.000000	163.362396	44.488705	0.321545	0.337220	445.044006
02110	81.000000	177.862717	73.340645	0.000000	0.494526	473.084351
02111	82.000000	134.024948	55.853279	0.275240	0.362344	433.936584
02120	87.000000	189.674026	80.954933	0.107136	0.444050	484.542633
02121	81.000000	159.746185	42.803772	0.330376	0.332771	441.616058
02130	86.000000	186.825104	59.035553	0.300019	0.344377	467.847168
02131	82.000000	159.976746	36.130386	0.410148	0.293050	438.587952
02140	85.000000	177.460052	67.703094	0.005962	0.491783	471.148407
02141	78.000000	164.872360	50.420010	0.272937	0.362312	442.200836
02150	83.000000	182.187805	68.658943	0.181935	0.406527	471.797577
02151	78.000000	147.395889	53.245998	0.257036	0.372463	438.231415
02160	83.000000	208.590775	69.183922	0.288845	0.353957	474.555084
02161	80.000000	128.721329	81.468758	0.003411	0.504049	441.999390
02170	84.000000	176.968964	80.007790	0.000044	0.496369	473.684143
02171	82.000000	134.419800	47.487854	0.226030	0.386398	436.075378
02180	83.000000	163.474182	76.769791	0.087937	0.454050	464.503632
02181	79.000000	163.905640	44.311901	0.366199	0.315590	438.168274
02190	81.000000	181.589508	67.028244	0.217397	0.388543	459.925446
02191	80.000000	138.419586	53.828892	0.137478	0.430635	435.517212
02200	79.000000	207.659714	75.284187	0.146867	0.422438	480.634003
02201	84.000000	144.770844	64.297897	0.036750	0.482543	448.141907
02210	79.000000	171.503250	88.706200	0.002041	0.499019	470.262360
02211	85.000000	152.576508	49.328800	0.238732	0.379806	444.773926
02220	81.000000	188.493729	78.081657	0.043091	0.474605	473.914032
02221	83.000000	137.561249	80.070396	0.001512	0.503220	450.046112
02230	81.000000	182.894226	122.946495	0.000015	0.528095	475.079285
02231	80.000000	123.740974	51.537762	0.220128	0.389874	429.666138
02240	87.000000	187.349304	69.067184	0.130377	0.432075	473.603394
02241	83.000000	155.421494	50.787468	0.213621	0.392535	446.224792
02250	84.000000	184.176895	78.005043	0.029622	0.483454	477.273254
02251	82.000000	155.706879	52.607361	0.239767	0.380108	444.047302
02260	86.000000	183.235229	73.039490	0.167696	0.413637	471.897064
02261	88.000000	164.313660	50.911510	0.315953	0.341242	451.679626
02270	82.000000	173.450317	82.535820	0.000001	0.497740	478.002350
02271	81.000000	139.262405	53.913010	0.206169	0.396730	439.341125
02280	81.000000	189.127304	73.493073	0.218827	0.388207	468.039917
02281	78.000000	145.878906	50.861183	0.267833	0.365513	434.173828
02290	83.000000	183.119415	73.028503	0.113038	0.439592	471.466034
02291	82.000000	174.764969	54.844929	0.263526	0.367552	452.717896
02300	83.000000	189.991867	55.610405	0.265010	0.360737	469.493561
02301	85.000000	147.199921	51.271652	0.209760	0.394857	442.598114
02310	84.000000	160.631073	65.387726	0.003039	0.497022	456.230621
02311	82.000000	146.175934	44.802734	0.369383	0.313451	446.063354
02321	88.000000	157.940460	55.977962	0.265154	0.366986	447.131775
02330	81.000000	169.785080	73.384789	0.002467	0.494559	464.624634
02331	80.000000	134.380692	34.657120	0.324622	0.336023	432.681213
02340	84.000000	192.293304	61.945122	0.266924	0.362050	471.620300
02341	84.000000	177.535873	53.323112	0.168620	0.416327	453.139496
02350	80.000000	169.086777	72.640121	0.118274	0.438545	461.875244
02351	411.000000	487.006592	64.025352	0.000000	0.488175	1001.362183
02360	82.000000	191.370041	66.726723	0.122261	0.438273	469.731934
02370	87.000000	185.437820	51.410965	0.137261	0.426028	472.063812
02371	418.000000	2584.453369	41.982552	0.986978	0.006519	89942.523438
03010	86.000000	183.523987	44.110554	0.247048	0.372860	463.616058
03011	81.000000	138.159485	54.085110	0.000989	0.500205	444.682770
03020	83.000000	154.893143	56.412796	0.000000	0.497472	454.610718
03021	81.000000	133.240784	63.560558	0.000006	0.501322	438.387329
03030	83.000000	153.502960	61.987728	0.177633	0.409500	456.255737
03031	81.000000	152.091034	52.395603	0.272993	0.363468	437.831146
03040	85.000000	156.760742	62.802635	0.000456	0.497020	459.401428
03041	108.000000	167.170883	33.392197	0.433989	0.281820	460.464111
03050	83.000000	167.193863	53.241985	0.327830	0.333648	458.246643
03051	85.000000	149.037994	51.680317	0.238557	0.380907	443.890015
03060	85.000000	153.856400	62.832878	0.087634	0.454310	458.287537
03061	83.000000	166.866898	44.487873	0.366460	0.316724	436.058990
03070	84.000000	160.159470	54.075920	0.255101	0.369476	458.467957
03071	82.000000	163.189987	50.879135	0.349808	0.326164	433.476562
03080	83.000000	162.331497	59.056599	0.079122	0.457572	458.856995
03081	86.000000	156.815903	59.095261	0.159633	0.421390	449.680511
03090	86.000000	164.553024	50.638924	0.277388	0.356868	456.256866
03091	80.000000	154.300201	50.873795	0.260911	0.367835	439.779877
03100	83.000000	151.555161	56.461983	0.165740	0.414633	453.570923
03101	86.000000	138.026260	64.492363	0.026845	0.488094	444.682587
03110	81.000000	164.590973	53.717007	0.325057	0.334875	451.445435
03111	80.000000	149.553955	56.014107	0.167895	0.416935	440.396027
03120	83.000000	876.125916	98.996857	0.999945	0.730607	9763.048828
03121	81.000000	157.356613	52.835201	0.171448	0.414320	443.928528
03130	86.000000	183.074020	57.629299	0.290618	0.351920	464.581665
03131	82.000000	161.273499	50.718018	0.290820	0.354661	441.949036
03140	83.000000	147.937500	59.027103	0.146134	0.425542	452.013489
03141	81.000000	165.206696	44.795288	0.316930	0.341156	436.926971
03150	83.000000	162.683563	50.226429	0.281432	0.357165	449.110504
03151	113.000000	173.971664	55.848022	0.294465	0.353870	468.645935
03160	83.000000	179.382904	63.130810	0.235259	0.381097	460.057495
03161	83.000000	171.901978	40.892151	0.356491	0.320674	443.858887
03170	81.000000	186.078659	51.103188	0.311244	0.338939	455.064941
03171	82.000000	162.289169	50.641560	0.299962	0.350562	443.751831
03180	85.000000	162.358521	57.553165	0.119326	0.437027	460.962311
03181	86.000000	148.950211	55.602890	0.159049	0.420834	440.011322
03190	85.000000	170.367950	72.727837	0.084966	0.456127	465.252960
03191	83.000000	136.112289	61.666969	0.005569	0.497803	443.128906
03200	84.000000	159.648895	57.858204	0.202579	0.397330	454.444977
03201	75.000000	169.325363	49.561306	0.314706	0.343804	440.078857
03210	81.000000	160.478790	55.216969	0.113902	0.440421	453.093903
03211	82.000000	155.088043	59.290810	0.108628	0.447165	445.914642
03220	77.000000	175.425461	61.656567	0.224446	0.386211	455.454803
03221	84.000000	166.514954	47.010693	0.350819	0.324293	441.747955
03230	86.000000	179.216415	56.300457	0.215379	0.389308	460.948730
03231	80.000000	170.288589	41.074650	0.370653	0.314097	436.396301
03240	84.000000	160.560776	63.956593	0.079248	0.459228	458.137238
03241	87.000000	166.872192	51.708687	0.287025	0.357744	435.837952
03250	80.000000	153.636398	70.172058	0.067639	0.466379	452.147278
03251	87.000000	154.210358	61.462929	0.136085	0.434322	447.373962
03260	85.000000	173.712372	66.601082	0.167301	0.416348	461.088165
03261	79.000000	144.530930	71.567085	0.018283	0.493036	447.765656
03270	83.000000	162.091080	56.124012	0.176478	0.409120	454.130005
03271	87.000000	148.577194	57.555916	0.000000	0.500502	444.820496
03280	85.000000	173.981384	57.127155	0.197348	0.398495	461.098511
03281	81.000000	141.550537	62.091129	0.151112	0.425296	442.665375
03290	78.000000	168.035629	63.097763	0.217087	0.390083	456.590729
03291	83.000000	165.736145	52.967964	0.277789	0.362174	443.718323
03300	83.000000	164.503021	70.791718	0.065369	0.465187	465.015839
03301	83.000000	163.010651	59.319237	0.225999	0.388953	447.761749
03310	84.000000	154.281830	53.158115	0.150014	0.421013	455.988068
03311	76.000000	157.092224	57.513313	0.193025	0.403879	439.611877
03320	80.000000	163.091354	80.843773	0.029303	0.484958	465.054535
03321	82.000000	161.655945	58.247929	0.187965	0.406106	448.684387
03330	84.000000	165.124008	66.482193	0.000000	0.494168	468.085083
03331	79.000000	178.765427	51.737698	0.345678	0.327751	448.522125
03340	85.000000	168.203506	60.994370	0.258933	0.367483	463.350891
03341	87.000000	170.601181	52.678074	0.278957	0.361782	444.969421
03350	79.000000	159.474487	54.212284	0.262966	0.366683	448.598877
03351	84.000000	166.296341	48.158730	0.322588	0.339417	434.720215
03360	82.000000	161.997711	54.106277	0.241461	0.376846	455.204132
03361	83.000000	158.843094	53.391991	0.226321	0.387703	441.315247
03370	82.000000	159.454056	56.668427	0.077004	0.460737	456.493683
03371	82.000000	170.767776	38.997005	0.239129	0.380282	438.586182
04010	78.000000	159.543381	52.366375	0.078696	0.458109	453.159241
04011	85.000000	167.202606	38.027439	0.324996	0.335995	441.440857
04020	83.000000	177.063919	68.569092	0.165958	0.414317	468.543427
04021	84.000000	166.736557	55.137390	0.188443	0.405445	453.601532
04030	83.000000	175.407532	65.650986	0.172772	0.410648	465.154358
04031	79.000000	147.010773	57.715843	0.230701	0.385255	437.966431
04040	81.000000	165.485977	61.698868	0.164556	0.413883	461.997101
04041	81.000000	144.426529	59.430573	0.148319	0.425918	446.218628
04050	82.000000	147.959259	80.052010	0.026304	0.486147	460.929108
04051	83.000000	162.649445	61.627979	0.212598	0.393415	454.146912
04060	78.000000	162.374908	81.920898	0.000000	0.496897	471.017334
04061	81.000000	161.603943	48.412407	0.356533	0.320993	443.122345
04070	74.000000	184.698593	61.851795	0.320622	0.337817	456.622437
04071	84.000000	158.462631	38.287251	0.335558	0.330985	438.773071
04080	85.000000	174.107742	71.543655	0.195019	0.400065	468.372681
04081	83.000000	182.870743	49.694046	0.304895	0.346315	454.071350
04090	82.000000	174.870483	67.415154	0.195690	0.398269	464.958771
04091	82.000000	162.755600	58.281647	0.152501	0.424666	449.887085
04100	83.000000	186.961349	61.506348	0.265161	0.362939	465.714600
04101	78.000000	142.648819	55.740276	0.165976	0.416867	439.736359
04110	82.000000	181.505280	68.896278	0.188665	0.402390	465.916107
04111	81.000000	163.471191	60.334267	0.206955	0.396737	449.976746
04120	80.000000	161.878876	59.461479	0.127318	0.433048	457.383911
04121	79.000000	147.410553	57.930756	0.143468	0.427661	444.877563
04130	80.000000	188.824020	68.417953	0.263835	0.364233	467.507477
04131	77.000000	171.136612	59.612934	0.271048	0.364416	450.691711
04140	84.000000	159.185928	79.366844	0.000002	0.499029	466.582825
04141	78.000000	150.032089	52.020763	0.264815	0.367492	436.857147
04150	87.000000	172.535767	65.837135	0.218666	0.388076	460.667633
04151	77.000000	174.437012	75.414070	0.143700	0.431199	456.421326
04160	79.000000	167.906708	75.571808	0.105572	0.444979	465.176605
04161	82.000000	158.578995	45.695988	0.326652	0.336138	441.564484
04170	79.000000	177.843597	79.055923	0.120721	0.436807	473.555420
04171	85.000000	175.495651	47.489147	0.358623	0.320237	450.888489
04180	87.000000	168.851837	75.113182	0.162010	0.417195	470.745575
04181	84.000000	153.292633	65.807983	0.041965	0.479420	451.712830
04190	80.000000	149.346893	82.750252	0.000002	0.498306	461.395203
04191	84.000000	161.630463	49.317173	0.316108	0.340294	444.565643
04200	84.000000	197.989471	71.963020	0.215593	0.389724	475.183838
04201	82.000000	153.845734	53.725006	0.223165	0.388101	444.185699
04210	79.000000	158.161423	54.708214	0.238531	0.378567	450.674561
04211	82.000000	161.421188	50.684391	0.315633	0.342208	443.775238
04220	81.000000	168.585037	62.468834	0.262136	0.366607	457.579803
04221	82.000000	169.129196	43.804619	0.383447	0.305970	445.382477
04230	78.000000	176.517471	73.004951	0.105086	0.443124	462.662628
04231	78.000000	153.711563	59.113907	0.175202	0.413753	442.380859
04240	79.000000	176.946915	77.379646	0.193877	0.401033	466.920807
04241	80.000000	170.253311	51.191757	0.337599	0.331105	445.319214
04250	79.000000	165.122482	74.328278	0.142056	0.427961	461.983582
04251	86.000000	152.625183	54.606251	0.203896	0.397950	447.715179
04260	82.000000	153.778687	80.860687	0.000000	0.498731	466.763580
04261	86.000000	121.187469	53.153088	0.206783	0.396339	437.582245
04270	84.000000	189.669327	78.317284	0.174397	0.410816	475.006195
04271	81.000000	150.955505	49.780777	0.268631	0.365578	443.137726
04280	81.000000	163.859100	80.566292	0.000000	0.498726	464.619934
04281	79.000000	174.389145	49.986015	0.349627	0.324619	446.909393
04290	79.000000	161.365067	71.851082	0.087276	0.454372	461.939911
04291	85.000000	165.481964	50.099827	0.350407	0.324665	448.147003
04300	83.000000	194.497284	67.315590	0.237544	0.376129	472.577423
04301	79.000000	164.423431	46.440670	0.386068	0.305532	442.005493
04310	82.000000	153.378250	83.738220	0.016994	0.489270	472.297028
04311	85.000000	152.550888	52.712555	0.251829	0.373509	441.029053
04320	81.000000	157.722885	82.225685	0.002274	0.497099	466.520111
04321	84.000000	155.053406	41.648994	0.377405	0.309786	441.682068
04330	80.000000	161.302094	67.108116	0.223450	0.385730	457.641693
04331	86.000000	148.252258	53.674431	0.107549	0.445583	448.355652
04340	81.000000	167.400269	69.560509	0.203044	0.395230	461.225342
04341	81.000000	156.997162	50.797211	0.284425	0.357265	440.090332
04350	84.000000	166.937103	82.784981	0.000000	0.497468	474.823181
04351	86.000000	151.693192	52.721268	0.250415	0.374408	444.956146
04360	84.000000	164.482834	81.526367	0.046938	0.476880	469.448944
04361	90.000000	163.546188	42.221432	0.352991	0.322446	443.410797
04370	76.000000	165.365967	61.269390	0.081398	0.456040	460.407745
04371	79.000000	165.601425	41.813709	0.203230	0.397205	437.579102
05010	83.000000	164.892166	50.274578	0.194891	0.398506	463.668274
05011	84.000000	172.742767	45.509766	0.283755	0.356559	451.295929
05020	82.000000	154.628586	75.432884	0.003139	0.497908	462.009918
05021	80.000000	138.992462	50.283516	0.221493	0.389295	439.547729
05030	84.000000	171.462097	76.989357	0.184435	0.407308	470.907867
05031	84.000000	130.356506	58.322716	0.174064	0.413643	440.317719
05040	83.000000	157.520798	57.163013	0.200932	0.395957	457.972015
05041	84.000000	157.767532	48.312202	0.344501	0.327892	444.500397
05050	77.000000	178.496796	56.797470	0.395118	0.299200	458.750397
05051	89.000000	138.474197	40.834919	0.272409	0.362724	445.670563
05060	82.000000	150.905960	74.963493	0.126458	0.435035	462.057007
05061	83.000000	145.282959	61.177654	0.140389	0.429954	448.956726
05070	78.000000	167.072006	80.252632	0.079144	0.458643	470.744171
05071	80.000000	165.044067	43.368107	0.444838	0.276450	442.460907
05080	86.000000	170.226227	73.869530	0.226721	0.383658	471.219025
05081	81.000000	118.552742	65.107735	0.023171	0.489415	439.107300
05090	84.000000	179.417145	68.373314	0.273575	0.359845	468.074646
05091	82.000000	148.645325	46.141994	0.348685	0.325084	437.200195
05100	85.000000	159.057373	65.954056	0.000000	0.493625	467.823700
05101	80.000000	158.313477	57.251663	0.278261	0.361462	443.552582
05110	81.000000	173.384766	81.797737	0.207312	0.396096	468.629883
05111	83.000000	139.560455	32.976612	0.401259	0.298408	433.823059
05120	84.000000	166.373978	75.210190	0.105791	0.444598	471.747864
05121	80.000000	162.528442	49.245148	0.326285	0.336351	446.814850
05130	85.000000	150.170547	76.351517	0.000000	0.496758	466.185364
05131	89.000000	158.054794	38.008564	0.424548	0.286719	438.991058
05140	82.000000	177.390152	59.782787	0.329666	0.331980	460.466370
05141	82.000000	160.331833	46.971760	0.433095	0.283387	444.623016
05150	85.000000	156.699066	80.586411	0.051728	0.473708	466.139557
05151	87.000000	153.088699	52.734703	0.337561	0.331366	447.873352
05160	80.000000	176.242706	66.580879	0.252938	0.370847	464.971344
05161	86.000000	168.767761	45.789368	0.386394	0.306103	449.239594
05170	79.000000	154.349808	75.727943	0.017402	0.489089	462.249512
05171	84.000000	149.973328	48.010612	0.287146	0.356067	442.273804
05180	84.000000	165.621613	60.647591	0.225812	0.382720	459.286560
05181	82.000000	131.011414	48.839653	0.112006	0.443554	436.918976
05190	84.000000	150.082794	68.908325	0.000037	0.496217	464.667297
05191	86.000000	148.776855	50.407780	0.294282	0.351854	446.508789
05200	82.000000	152.915207	70.114655	0.167870	0.414342	458.588562
05201	87.000000	142.256378	60.023041	0.175115	0.413634	447.360870
05210	81.000000	173.820160	73.677788	0.221101	0.388130	466.792175
05211	82.000000	146.028397	49.574890	0.337753	0.331096	439.741241
05220	81.000000	152.543015	71.076836	0.000000	0.494761	465.876312
05221	82.000000	139.945404	59.231949	0.077037	0.460794	447.676392
05230	88.000000	152.219757	78.402847	0.067648	0.464971	470.578094
05231	84.000000	138.260468	52.222767	0.170842	0.414875	440.441925
05240	81.000000	165.159912	71.544342	0.163012	0.416246	461.989075
05241	86.000000	149.874817	52.797665	0.308725	0.345740	444.780579
05250	78.000000	169.101425	71.270599	0.184501	0.405311	464.082153
05251	83.000000	141.055618	48.209625	0.286354	0.356861	437.578918
05260	82.000000	168.086609	73.673256	0.191320	0.402766	467.788879
05261	80.000000	173.014389	44.133663	0.436245	0.281464	443.659241
05270	86.000000	155.541748	67.001869	0.028681	0.482726	463.170990
05271	82.000000	151.689178	50.614716	0.313069	0.343581	443.030365
05280	83.000000	147.492859	61.911015	0.000000	0.493183	462.108734
05281	81.000000	130.472687	50.752625	0.000031	0.497736	442.083496
05290	85.000000	164.129440	80.870636	0.076779	0.458944	476.443512
05291	86.000000	118.362236	35.553265	0.349052	0.324907	421.232605
05300	81.000000	177.608429	60.197861	0.343623	0.325690	458.026001
05301	77.000000	138.771774	53.472778	0.232349	0.383599	434.480438
05310	84.000000	169.387207	70.205719	0.241829	0.376069	468.162170
05311	81.000000	145.569595	46.723125	0.383607	0.307365	438.122864
05320	76.000000	163.824448	84.008507	0.097807	0.450337	467.522369
05321	82.000000	144.320236	49.328938	0.269670	0.364095	443.284790
05330	81.000000	156.943405	90.619286	0.077120	0.460078	473.732361
05331	84.000000	148.272079	49.619801	0.339550	0.329914	440.234528
05340	85.000000	161.384460	66.156609	0.296022	0.349550	466.660339
05341	79.000000	149.083420	50.619301	0.396598	0.301872	437.901428
05350	85.000000	150.010284	72.735352	0.102476	0.446318	465.492859
05351	84.000000	137.531250	56.484688	0.171114	0.413924	443.922394
05360	88.000000	160.777161	72.310570	0.113231	0.440649	470.765076
05361	79.000000	128.946289	54.721382	0.151441	0.424423	434.217896
05370	85.000000	165.639206	52.386620	0.039625	0.476155	461.745392
05371	82.000000	131.925262	27.224480	0.364177	0.316666	402.691010
06010	81.000000	183.985565	47.193928	0.297810	0.348133	456.956757
06011	81.000000	162.714142	51.013306	0.263569	0.368376	447.637878
06020	85.000000	154.134689	72.727898	0.071238	0.463465	461.357361
06021	80.000000	138.973251	35.339481	0.428586	0.284518	428.013306
06030	77.000000	187.199844	59.160038	0.250897	0.370818	460.618530
06031	85.000000	162.927383	53.466785	0.295225	0.352052	450.349030
06040	78.000000	158.316437	78.682999	0.000000	0.497359	465.385864
06041	82.000000	131.834030	39.338375	0.374303	0.312190	425.337341
06050	82.000000	153.277237	78.794197	0.129612	0.434361	464.832245
06051	84.000000	160.588959	54.456093	0.273825	0.362614	450.176239
06060	79.000000	181.636139	61.384010	0.313265	0.339979	461.165619
06061	79.000000	198.384048	22.102179	0.559080	0.215685	447.074310
06070	81.000000	159.274445	66.472153	0.000001	0.495696	464.436096
06071	83.000000	165.282028	74.254265	0.042652	0.481292	457.222198
06080	79.000000	162.156342	85.674629	0.000005	0.498732	473.813232
06081	80.000000	135.558792	37.237144	0.457471	0.270589	428.111572
06090	79.000000	192.121765	71.449707	0.267781	0.362410	471.669830
06091	83.000000	181.035812	56.605831	0.279351	0.358673	455.900391
06100	80.000000	169.395889	73.176208	0.215542	0.390911	462.458130
06101	83.000000	131.462784	37.309494	0.397337	0.299936	440.971405
06110	85.000000	169.878372	73.896156	0.160228	0.419059	470.578003
06111	86.000000	157.850571	55.084961	0.165232	0.416719	453.298828
06120	82.000000	180.592377	65.447296	0.292945	0.350661	465.024994
06121	82.000000	121.572350	41.032845	0.352458	0.322470	431.316162
06130	85.000000	161.840149	68.920502	0.000000	0.497087	466.267761
06131	83.000000	165.101410	59.543972	0.221038	0.390162	452.993866
06140	84.000000	190.512222	71.121857	0.281061	0.357294	472.548157
06141	81.000000	113.964005	50.897949	0.000060	0.500086	435.522095
06150	79.000000	174.249039	62.211884	0.000000	0.490384	472.626617
06151	83.000000	157.942017	61.923138	0.206372	0.397822	449.347992
06160	78.000000	156.822693	90.080574	0.000000	0.497849	473.981354
06161	80.000000	125.141708	37.046173	0.384589	0.306840	417.337524
06170	80.000000	168.602173	79.510284	0.179371	0.409088	469.760254
06171	85.000000	164.742035	50.732510	0.317298	0.340605	450.540222
06180	84.000000	193.227921	62.370831	0.313918	0.338459	471.468384
06181	81.000000	157.803207	60.138985	0.224598	0.387051	450.256012
06190	83.000000	181.931732	63.162212	0.292487	0.350072	465.161041
06191	78.000000	147.269257	56.076271	0.253770	0.373077	440.663361
06200	84.000000	151.628082	75.423355	0.007644	0.494935	463.325073
06201	79.000000	122.960052	39.974228	0.347686	0.325831	415.429626
06210	86.000000	179.274002	69.163078	0.000000	0.492341	482.095703
06211	82.000000	154.822662	44.756035	0.372414	0.312824	438.855408
06220	83.000000	184.537567	67.200790	0.234348	0.379199	469.405212
06221	83.000000	174.624023	43.890450	0.422081	0.287501	446.959503
06230	85.000000	175.110489	71.267609	0.170884	0.413007	464.504974
06231	81.000000	174.723297	57.957100	0.346079	0.327453	452.141235
06240	88.000000	173.716690	65.713165	0.277486	0.359578	462.909637
06241	78.000000	147.085587	55.602615	0.218409	0.390740	441.759613
06250	80.000000	148.629974	83.913918	0.020491	0.488784	464.678497
06251	81.000000	156.568054	48.003822	0.402802	0.298071	441.803589
06260	80.000000	181.089981	71.388535	0.262224	0.367874	464.605560
06261	82.000000	165.385559	56.413639	0.369056	0.315305	450.802734
06270	79.000000	184.404648	65.332314	0.288042	0.352712	463.655945
06271	83.000000	156.426178	55.059250	0.311549	0.344009	449.670227
06280	83.000000	184.785400	67.068726	0.331524	0.331692	461.684052
06281	84.000000	136.313095	69.133476	0.097907	0.451846	446.638763
06290	84.000000	180.132736	67.458939	0.300693	0.348287	464.051483
06291	84.000000	159.782776	66.088242	0.229819	0.386262	451.843964
06300	79.000000	176.300110	61.038918	0.335603	0.330293	458.669617
06301	85.000000	161.688263	54.015923	0.267455	0.366176	448.168213
06310	84.000000	147.567444	84.734558	0.000024	0.499383	469.872131
06311	77.000000	127.209824	70.614082	0.095013	0.453290	438.505890
06320	78.000000	160.378601	82.107559	0.087386	0.456253	461.756439
06321	77.000000	143.806290	59.965092	0.234932	0.382746	441.392670
06330	83.000000	165.367355	73.189171	0.000000	0.496400	471.818359
06331	82.000000	141.277298	60.404495	0.000000	0.498398	448.338104
06340	85.000000	165.920334	67.981529	0.207416	0.394570	461.610931
06341	82.000000	152.755646	55.018589	0.343521	0.328477	442.924561
06350	81.000000	169.019730	69.584526	0.150610	0.422613	459.723999
06351	86.000000	153.635361	56.575489	0.280849	0.358827	451.530823
06360	82.000000	169.139023	59.177315	0.218111	0.388649	461.199249
06361	86.000000	153.109299	51.321011	0.320459	0.339592	445.467163
06370	80.000000	176.375778	53.085888	0.167115	0.412527	462.707367
06371	84.000000	164.703232	42.648411	0.287440	0.355415	450.696899
07010	92.000000	173.039337	36.306610	0.292862	0.349469	459.653290
07011	81.000000	155.504303	41.693985	0.268476	0.365783	436.045624
07020	83.000000	153.512421	51.808392	0.232320	0.381251	455.625916
07021	84.000000	157.925186	54.676872	0.334782	0.332621	449.939941
07030	80.000000	166.369186	63.236744	0.206621	0.395184	456.392395
07031	84.000000	150.927856	53.425388	0.349091	0.326750	436.202179
07040	81.000000	193.277451	54.204468	0.361106	0.315709	460.765808
07041	80.000000	152.808517	50.379730	0.283583	0.358020	444.206787
07050	86.000000	149.345886	52.181057	0.152360	0.421102	456.836395
07051	82.000000	142.865784	47.379009	0.269612	0.364686	438.926117
07060	84.000000	160.580368	68.757408	0.126491	0.435390	457.778076
07061	81.000000	168.292450	44.484287	0.395987	0.301700	438.438934
07070	83.000000	167.454010	64.964783	0.209137	0.394840	459.306061
07071	80.000000	108.084038	88.391327	0.001105	0.506227	435.489441
07080	83.000000	182.060791	51.862434	0.327529	0.332529	458.923553
07081	82.000000	145.605301	58.806423	0.158576	0.421074	447.505798
07090	89.000000	170.130920	56.509113	0.197587	0.394633	467.775574
07091	80.000000	165.352554	46.531189	0.390461	0.303717	444.286621
07100	85.000000	162.170288	65.446121	0.203769	0.397458	459.326904
07101	84.000000	158.935730	42.743885	0.349582	0.323716	441.996033
07110	83.000000	171.715149	60.548210	0.275921	0.360563	457.296112
07111	81.000000	160.459564	59.734962	0.257484	0.371737	447.744171
07120	82.000000	172.730560	65.518867	0.179454	0.407830	460.996216
07121	80.000000	138.238739	50.393314	0.000000	0.497343	442.290100
07130	86.000000	162.666290	60.681343	0.251063	0.372554	456.083282
07131	84.000000	143.759430	59.445816	0.196578	0.402946	440.471222
07140	85.000000	178.154007	78.413124	0.193317	0.404863	469.437042
07141	79.000000	171.069290	44.237282	0.376935	0.310904	440.042175
07150	81.000000	158.694977	62.299583	0.074236	0.461707	454.013641
07151	79.000000	140.142090	52.457790	0.186520	0.407386	439.114197
07160	77.000000	165.543976	59.914196	0.205268	0.395692	451.544342
07161	85.000000	150.073944	49.559643	0.254949	0.371910	444.241943
07170	83.000000	180.007904	69.938744	0.177421	0.410179	464.849182
07171	83.000000	158.041473	46.034306	0.315457	0.341928	439.887024
07180	83.000000	168.479355	75.269615	0.039770	0.478222	465.478546
07181	84.000000	140.655334	49.048515	0.157480	0.420652	443.384918
07190	83.000000	162.829193	47.956711	0.234522	0.379571	449.531097
07191	80.000000	171.598221	51.015018	0.366961	0.315908	443.848969
07200	85.000000	142.895981	66.912071	0.019622	0.488844	458.554810
07201	86.000000	160.611771	45.791630	0.361598	0.318878	443.076202
07210	82.000000	159.476990	67.392311	0.208803	0.395730	455.165039
07211	83.000000	684.199707	603.489502	0.039036	1.678564	436.191956
07220	87.000000	156.931946	63.548817	0.000000	0.496560	461.261169
07221	81.000000	150.361908	45.915371	0.313824	0.342733	435.663391
07230	84.000000	170.333969	55.146179	0.223215	0.385877	455.873688
07231	82.000000	131.483978	63.196873	0.044553	0.479166	438.362762
07240	84.000000	158.384705	70.988434	0.101403	0.450019	460.264252
07241	85.000000	156.841248	36.723412	0.425753	0.285922	435.316681
07250	82.000000	173.461227	56.081394	0.259750	0.367623	454.144226
07251	80.000000	165.189041	43.443222	0.423103	0.288203	436.399475
07260	87.000000	172.539871	35.169220	0.057834	0.462001	462.076599
07261	82.000000	145.799881	43.179955	0.354961	0.322168	433.300934
07270	82.000000	151.516724	70.841187	0.115686	0.441956	452.998962
07271	85.000000	152.441803	47.566650	0.316248	0.341407	445.085602
07280	83.000000	182.300339	66.452553	0.191520	0.400572	463.176514
07281	78.000000	133.602905	67.582359	0.014910	0.494911	440.395538
07290	80.000000	161.619812	59.481365	0.162398	0.415726	452.145508
07291	85.000000	155.685944	47.224316	0.265560	0.366499	445.422241
07300	82.000000	158.939697	61.831047	0.176864	0.409326	456.124146
07301	83.000000	156.039398	53.214622	0.210488	0.394843	441.690674
07310	83.000000	153.586517	75.914879	0.048924	0.475822	458.880646
07311	82.000000	149.537094	48.575874	0.344842	0.327048	439.763672
07320	86.000000	167.583023	56.036953	0.283641	0.353631	461.462860
07321	80.000000	136.708344	35.049320	0.339686	0.328846	423.887115
07330	87.000000	183.454803	62.639126	0.326845	0.334502	463.910126
07331	81.000000	157.303238	60.086967	0.245376	0.378404	446.230988
07340	80.000000	157.580765	54.565010	0.126604	0.435151	455.081299
07341	83.000000	157.590912	42.494022	0.395316	0.301256	440.031372
07351	84.000000	150.135193	47.148697	0.343384	0.327944	435.225647
07360	85.000000	174.968124	50.614178	0.155204	0.419516	463.884583
07361	84.000000	127.483246	49.529362	0.000753	0.500285	440.131348
07370	84.000000	168.524750	35.269619	0.139431	0.424919	455.514282
07371	83.000000	174.567337	41.841061	0.296414	0.351687	445.547058
08010	88.000000	160.587204	56.142929	0.111365	0.442687	461.615845
08011	87.000000	149.480057	34.526440	0.286761	0.355237	433.180298
08020	84.000000	186.996750	60.951130	0.216695	0.387013	468.315552
08021	83.000000	144.699753	46.164791	0.336728	0.331393	437.998260
08030	78.000000	147.436600	73.265030	0.062117	0.469225	458.399872
08031	85.000000	139.881699	53.264465	0.228688	0.385911	444.624481
08040	83.000000	185.624268	67.702705	0.252602	0.371418	463.084198
08041	83.000000	136.246216	46.197376	0.077796	0.460749	434.832275
08050	80.000000	179.548660	68.423836	0.219652	0.388825	459.760345
08051	80.000000	167.147034	44.774387	0.302719	0.347078	443.939331
08060	79.000000	173.161972	82.384140	0.143990	0.426375	472.351746
08061	78.000000	153.801270	42.863552	0.338862	0.330043	437.220978
08070	86.000000	171.619171	66.627502	0.185878	0.404917	465.994659
08071	82.000000	137.659470	62.751469	0.017784	0.492068	442.557190
08080	83.000000	193.118484	65.328781	0.309518	0.342075	470.820526
08081	83.000000	134.677048	38.869473	0.269892	0.364094	427.265289
08090	81.000000	154.906601	78.883224	0.009434	0.493149	460.779144
08091	87.000000	168.259628	71.361832	0.114037	0.443506	458.544006
08100	83.000000	204.830063	87.406349	0.165475	0.416634	491.707703
08101	82.000000	142.850937	44.667362	0.196504	0.400953	436.789246
08110	84.000000	173.719254	59.897320	0.258060	0.367780	458.605408
08111	83.000000	149.921036	54.786098	0.187669	0.406274	441.582306
08120	80.000000	183.411072	87.486900	0.089685	0.456748	478.898041
08121	82.000000	137.050766	41.388592	0.150466	0.422689	431.529205
08130	79.000000	191.994598	58.231468	0.336169	0.330023	460.214111
08131	84.000000	175.157013	65.827354	0.211005	0.396604	454.721436
08140	80.000000	198.735931	69.465302	0.283366	0.355476	470.069427
08141	77.000000	144.143860	49.165794	0.329786	0.334902	432.171875
08150	79.000000	170.427734	67.045357	0.218644	0.389535	456.944794
08160	81.000000	180.893097	82.199371	0.207903	0.397551	468.190582
08161	84.000000	141.951111	49.178196	0.198943	0.400105	441.340912
08170	85.000000	178.322922	61.870041	0.204843	0.394256	462.364410
08171	85.000000	144.991272	72.625618	0.069041	0.465598	453.075104
08180	84.000000	176.983505	62.737068	0.239166	0.378371	461.280670
08181	86.000000	121.631104	62.880203	0.000007	0.500579	437.046814
08190	80.000000	180.130569	51.923908	0.310365	0.341074	453.424011
08191	81.000000	151.369781	42.767925	0.174989	0.410014	442.095947
08200	82.000000	177.528625	55.131397	0.262044	0.366546	455.654938
08201	84.000000	154.082153	37.777714	0.370800	0.313755	431.174683
08210	84.000000	171.723434	52.584946	0.298604	0.348577	455.420166
08211	80.000000	146.497574	44.860435	0.282473	0.358303	432.223511
08220	82.000000	160.416733	70.397820	0.000000	0.494385	462.524933
08221	79.000000	136.693649	53.698730	0.049009	0.474417	439.731018
08230	83.000000	160.225281	72.185623	0.123072	0.437963	462.157318
08231	110.000000	143.638824	47.573570	0.141319	0.429385	448.813416
08240	85.000000	173.142319	68.489021	0.264923	0.367212	463.753174
08241	83.000000	147.079025	44.348331	0.289106	0.354752	440.059906
08250	82.000000	164.234863	72.211990	0.103351	0.446603	459.069397
08251	83.000000	135.889801	54.649700	0.143841	0.427621	443.314056
08260	80.000000	177.338013	63.494274	0.230983	0.382664	459.764679
08261	84.000000	131.567047	51.431179	0.084600	0.457226	440.914246
08270	84.000000	187.607742	74.657272	0.072977	0.461056	475.911377
08271	85.000000	121.514336	56.474369	0.025240	0.487153	441.383911
08280	80.000000	162.819061	72.471352	0.132598	0.433055	458.505341
08281	78.000000	148.519424	44.821949	0.305105	0.346659	428.236877
08290	82.000000	146.880585	63.856712	0.000000	0.497384	454.426178
08291	74.000000	152.063950	40.279846	0.401186	0.297654	430.663300
08300	82.000000	174.726440	58.817928	0.239441	0.376192	458.626068
08301	83.000000	153.989395	45.250443	0.345703	0.327250	437.708710
08310	77.000000	162.200409	79.503838	0.168872	0.414432	462.820892
08311	86.000000	153.694260	45.376308	0.295191	0.350382	445.818146
08320	81.000000	152.452148	56.920849	0.247808	0.373869	451.852692
08321	80.000000	157.156372	42.618416	0.416725	0.289751	435.607727
08330	87.000000	158.132019	68.398262	0.156837	0.419866	463.719116
08331	84.000000	159.932999	40.029293	0.400692	0.298754	437.422546
08340	79.000000	182.686676	56.071651	0.351761	0.320301	453.076172
08341	82.000000	146.497940	47.960800	0.311613	0.343927	437.019165
08350	80.000000	170.026596	70.225677	0.215298	0.389791	462.332306
08351	84.000000	129.416275	55.331543	0.033629	0.483289	434.854340
08360	81.000000	164.467178	74.603775	0.081505	0.460002	460.720306
08361	84.000000	131.786606	55.624569	0.195303	0.403604	438.899689
08370	86.000000	188.179169	58.335907	0.039583	0.476547	470.480164
08371	84.000000	157.117493	36.130840	0.268908	0.365027	437.347168
09010	81.000000	170.452332	44.650749	0.170922	0.411431	456.369049
09011	84.000000	158.646042	49.998692	0.200324	0.400905	446.678375
09020	81.000000	172.344208	44.829559	0.278451	0.355562	452.401733
09021	81.000000	162.441803	42.109886	0.421268	0.288765	440.222229
09030	81.000000	176.449539	50.326591	0.232206	0.380155	454.782562
09031	84.000000	163.507416	46.970371	0.334270	0.332945	445.409485
09040	80.000000	172.743881	54.105602	0.209218	0.392518	455.033966
09041	80.000000	151.425430	54.555729	0.339810	0.330998	442.067322
09050	79.000000	186.091537	53.554443	0.249254	0.371202	461.630493
09051	81.000000	169.414505	43.908230	0.433475	0.282629	439.634308
09060	81.000000	183.418991	56.768600	0.194192	0.399062	462.899567
09061	81.000000	152.524872	50.244251	0.285046	0.357252	437.910950
09070	76.000000	156.297623	53.993416	0.142198	0.426922	446.239441
09071	77.000000	159.487564	46.584400	0.415448	0.293101	430.783661
09080	80.000000	162.126678	93.455383	0.000085	0.507865	462.888611
09081	80.000000	177.764282	50.280731	0.308094	0.344898	448.395844
09090	82.000000	172.748169	40.903393	0.231665	0.377823	453.009796
09091	86.000000	152.601944	36.386459	0.432824	0.280943	439.253784
09100	80.000000	170.759872	59.087559	0.177993	0.406120	456.692444
09101	82.000000	165.209442	46.889233	0.371099	0.314531	442.554565
09110	80.000000	179.092499	64.063843	0.151307	0.422956	458.543884
09111	86.000000	163.718063	48.415340	0.359414	0.321138	443.100311
09120	84.000000	176.294052	62.133991	0.143702	0.426351	459.246368
09121	84.000000	167.695923	45.731903	0.400245	0.299062	443.129120
09130	82.000000	179.323563	60.830528	0.202250	0.397474	460.452362
09131	83.000000	143.594971	35.185204	0.395890	0.301910	423.398682
09140	82.000000	179.393753	55.185616	0.219298	0.387400	456.375153
09141	84.000000	157.632095	43.208874	0.402946	0.297815	437.018982
09150	87.000000	176.190628	58.651291	0.169823	0.412803	463.419006
09151	81.000000	169.819870	51.047073	0.333153	0.334519	443.004028
09160	83.000000	229.460831	66.780518	0.088356	0.453703	487.964966
09161	80.000000	161.342224	45.305145	0.368675	0.316336	431.928345
09170	80.000000	164.756012	58.131752	0.198314	0.397689	452.780945
09171	80.000000	3851.359619	1482.421631	0.000241	56.763622	418.838318
09180	82.000000	170.470551	51.597702	0.181289	0.405636	454.031281
09181	83.000000	160.547485	50.019218	0.306308	0.346787	438.728821
09190	88.000000	172.567444	60.072330	0.154943	0.419892	461.560242
09191	85.000000	164.643494	52.580521	0.307106	0.345219	446.291870
09200	80.000000	179.605515	60.585468	0.189433	0.402689	460.717346
09201	82.000000	193.955429	49.018295	0.334500	0.332476	454.374969
09210	79.000000	170.546570	56.614170	0.251352	0.371765	451.923492
09211	84.000000	168.509720	46.846046	0.352824	0.323670	442.849030
09220	80.000000	177.953644	52.159840	0.298842	0.347107	450.447601
09221	85.000000	198.600021	46.788303	0.332541	0.331275	457.755707
09230	83.000000	176.904266	52.809978	0.193445	0.400120	455.663116
09231	79.000000	152.233383	60.372494	0.120659	0.441170	442.547638
09240	83.000000	188.558304	52.477715	0.312311	0.341397	457.583099
09241	86.000000	162.064545	46.069298	0.318948	0.340249	448.130890
09250	131.000000	156.247345	59.139347	0.066497	0.464555	497.270233
09251	79.000000	164.696243	48.340553	0.385879	0.307363	439.209045
09260	135.000000	158.654602	75.016739	0.026021	0.486942	503.801239
09261	82.000000	165.251175	47.877804	0.391586	0.304230	443.847046
09270	81.000000	159.733704	67.577606	0.049319	0.473837	459.472321
09271	80.000000	151.535568	61.257019	0.273102	0.365201	436.544067
09280	83.000000	177.153824	60.931755	0.231824	0.381290	458.818726
09281	80.000000	165.922134	43.448883	0.468454	0.263871	443.244598
09290	133.000000	151.808823	70.342705	0.097736	0.449931	507.534637
09291	79.000000	169.836777	49.275188	0.379478	0.310896	435.431091
09300	83.000000	181.774796	61.042130	0.212214	0.391545	458.558502
09301	78.000000	166.692902	42.583073	0.408321	0.294764	438.144348
09310	128.000000	160.095642	65.879143	0.000000	0.493884	507.659485
09311	82.000000	163.399246	46.563477	0.389000	0.304541	440.772156
09320	80.000000	146.988297	72.781525	0.000001	0.499753	454.177979
09321	80.000000	173.451813	43.181007	0.405430	0.295984	440.873322
09330	81.000000	142.620117	63.259258	0.000000	0.498439	451.518341
09331	107.000000	168.068298	48.720493	0.336483	0.330706	465.962402
09340	81.000000	166.203735	42.921894	0.224458	0.384098	450.501160
09341	82.000000	167.658768	43.972004	0.432744	0.283301	442.295135
09350	81.000000	178.606506	51.984142	0.279457	0.356948	451.210968
09351	79.000000	168.447510	49.251171	0.389037	0.306006	443.675903
09360	108.000000	164.147018	54.890572	0.157978	0.418464	477.653320
09361	85.000000	149.233170	49.082813	0.368668	0.316014	438.524872
09370	85.000000	170.644485	30.086748	0.200567	0.392541	451.007538
09371	83.000000	167.117584	41.306664	0.235995	0.381091	445.632202
10010	81.000000	177.850540	47.125454	0.155995	0.419095	458.657288
10011	81.000000	167.086075	48.195805	0.228143	0.386468	442.111511
10020	86.000000	164.417755	69.107033	0.055182	0.470272	462.269073
10021	86.000000	157.113434	50.097744	0.269114	0.365741	445.712616
10030	79.000000	166.433578	83.063240	0.024201	0.489062	465.459686
10031	82.000000	160.685135	48.752934	0.360523	0.320199	437.829590
10040	79.000000	159.457932	70.118347	0.061527	0.467437	459.160706
10041	79.000000	145.370804	63.385658	0.219047	0.392552	442.124420
10050	83.000000	200.240509	52.787167	0.343814	0.321918	463.367218
10051	79.000000	145.131866	53.751472	0.248653	0.375428	438.696045
10060	84.000000	164.339127	70.126785	0.050437	0.471749	463.325378
10061	83.000000	163.536163	56.579964	0.328495	0.336409	446.744965
10070	83.000000	170.687454	77.904778	0.020426	0.489379	465.903992
10071	83.000000	168.276810	50.252129	0.330690	0.334428	448.213562
10080	82.000000	169.998352	82.498520	0.000000	0.500240	463.481018
10081	84.000000	160.517822	55.759804	0.262730	0.369125	446.621918
10090	137.000000	182.430710	54.871983	0.282043	0.355336	507.390411
10091	87.000000	165.271774	49.743603	0.292662	0.351751	452.479553
10100	83.000000	166.123444	68.527016	0.118455	0.438712	459.930389
10101	81.000000	167.633148	52.554653	0.296451	0.351257	447.136200
10110	89.000000	172.711517	75.555321	0.000005	0.498239	472.823029
10111	81.000000	158.179871	56.641876	0.215313	0.393544	445.785980
10120	83.000000	180.933777	75.704224	0.003503	0.496814	470.921814
10121	87.000000	155.630630	50.312908	0.272813	0.362678	446.136566
10130	84.000000	166.503586	52.790741	0.196094	0.399585	455.993805
10131	80.000000	173.752487	46.224617	0.364201	0.317553	442.206329
10140	81.000000	196.492264	63.777077	0.206111	0.395172	464.860199
10141	77.000000	166.047852	43.394482	0.390183	0.304542	436.325562
10150	85.000000	175.778214	68.780640	0.151325	0.423979	463.712738
10151	87.000000	130.683121	52.507244	0.005045	0.497150	446.500732
10160	77.000000	176.699722	63.258202	0.177114	0.409183	459.373810
10161	83.000000	171.107040	45.121292	0.398787	0.299602	447.790100
10170	82.000000	178.557068	54.657555	0.202303	0.396042	457.071259
10171	81.000000	166.965179	51.328262	0.340546	0.330032	442.502502
10180	84.000000	163.829086	75.519562	0.005856	0.495816	462.191742
10181	81.000000	174.235916	46.138870	0.373846	0.312564	442.851562
10190	82.000000	176.012527	61.330296	0.092797	0.448925	464.465973
10191	84.000000	149.902435	49.638718	0.259824	0.368331	445.386475
10200	84.000000	202.378052	56.707390	0.300470	0.345118	468.328674
10201	84.000000	165.772766	56.410007	0.311597	0.345962	445.904053
10210	84.000000	176.888382	74.498741	0.065020	0.466327	469.322723
10211	82.000000	150.685562	46.131405	0.338058	0.331123	438.523621
10220	86.000000	186.860977	62.186516	0.214974	0.388386	462.482788
10221	80.000000	167.465759	50.338428	0.337409	0.330845	443.752319
10230	89.000000	206.255432	64.637802	0.171567	0.409730	481.428467
10231	80.000000	158.221542	46.568989	0.326925	0.336885	438.903046
10240	81.000000	175.963425	76.895584	0.060066	0.468583	462.414490
10241	84.000000	161.324982	51.097366	0.255348	0.371917	446.707153
10250	81.000000	175.526596	75.674454	0.050085	0.474683	467.173584
10251	78.000000	168.475357	48.474712	0.339939	0.330331	440.368958
10260	83.000000	191.863190	62.125851	0.256429	0.369377	463.916565
10261	82.000000	181.248566	50.464584	0.320881	0.339390	446.683258
10270	85.000000	177.766388	62.898560	0.219798	0.388299	460.625732
10271	86.000000	165.533569	50.619431	0.320669	0.339584	451.244598
10280	84.000000	200.199112	71.571663	0.150742	0.420271	472.291931
10281	84.000000	162.645203	60.789082	0.282171	0.359495	449.186035
10290	81.000000	174.077728	57.922573	0.000000	0.492726	462.361237
10291	80.000000	161.504379	52.527626	0.318391	0.341106	446.276886
10300	84.000000	183.082321	75.422882	0.128902	0.433952	471.340302
10301	84.000000	157.070099	54.034119	0.359927	0.320280	444.874542
10310	83.000000	188.334610	54.330544	0.293604	0.348452	462.568115
10311	84.000000	154.269089	55.057953	0.294661	0.351951	445.772827
10320	87.000000	183.552231	74.633842	0.095689	0.447821	471.822144
10321	84.000000	157.482834	59.109112	0.225430	0.387572	451.113007
10330	84.000000	159.792084	63.240898	0.000000	0.494758	467.203644
10331	79.000000	178.922546	42.317894	0.464813	0.266664	441.688538
10340	82.000000	189.745331	72.587929	0.114342	0.442362	466.536804
10341	77.000000	158.557816	50.558434	0.321965	0.339748	440.081879
10350	86.000000	179.373672	52.528267	0.284829	0.354413	458.668945
10351	83.000000	157.117798	54.570980	0.335759	0.332912	440.502319
10360	79.000000	179.181458	60.536678	0.233003	0.381323	457.970154
10361	79.000000	174.938324	50.659561	0.324459	0.338993	444.138733
10370	108.000000	184.862564	44.487671	0.166882	0.412508	480.724060
10371	80.000000	152.909515	54.232269	0.161276	0.421592	440.348267
11010	82.000000	153.605759	66.012474	0.049620	0.475341	456.015411
11011	85.000000	155.579926	57.185558	0.044853	0.479291	448.460388
11020	78.000000	174.362778	59.559837	0.245610	0.373503	459.522461
11021	80.000000	174.826904	49.798679	0.443697	0.277549	448.001434
11030	83.000000	204.110199	76.057991	0.152071	0.423907	483.545624
11031	81.000000	151.454666	64.520378	0.207608	0.396867	450.116486
11040	83.000000	165.717346	55.071503	0.215304	0.389076	457.228821
11041	81.000000	148.491318	58.888321	0.225203	0.387147	447.082550
11050	84.000000	178.274231	61.026169	0.240039	0.377448	463.698761
11051	83.000000	165.559860	55.696720	0.384831	0.308010	450.368683
11060	82.000000	157.437973	60.775730	0.165155	0.414579	458.961639
11061	80.000000	152.805893	56.335487	0.239282	0.381117	441.997070
11070	81.000000	193.530396	79.981956	0.096241	0.449972	481.440002
11071	86.000000	150.576462	53.438854	0.035006	0.481544	452.381592
11080	84.000000	155.998306	71.125916	0.000000	0.496455	465.461182
11081	81.000000	155.894760	68.618446	0.175494	0.413966	451.911957
11090	84.000000	166.812607	67.430138	0.014299	0.487562	469.825745
11091	79.000000	184.231598	58.325951	0.398659	0.300195	452.575012
11100	83.000000	181.648346	55.304512	0.292866	0.350309	459.149780
11101	81.000000	174.081757	53.035450	0.416443	0.291850	449.979584
11110	81.000000	179.518341	61.190361	0.218593	0.387675	461.730103
11111	83.000000	150.659805	64.731163	0.166302	0.417777	449.569305
11120	84.000000	171.373672	80.365242	0.000000	0.498822	475.560547
11121	82.000000	166.046844	58.455547	0.285071	0.357577	451.354828
11130	79.000000	154.924393	72.533882	0.000000	0.498396	459.684479
11131	84.000000	167.895676	47.600842	0.403568	0.297603	448.776520
11140	83.000000	168.830414	71.751335	0.134579	0.431210	465.712463
11141	81.000000	163.858032	51.098652	0.337640	0.330489	449.134705
11150	80.000000	211.120056	68.856491	0.208527	0.392217	479.226776
11151	81.000000	168.915741	49.567570	0.352050	0.323311	449.970306
11160	82.000000	164.948563	77.911583	0.066063	0.466026	466.483826
11161	89.000000	162.796982	52.478924	0.328963	0.335261	454.687439
11170	80.000000	187.535492	65.129417	0.231709	0.380818	466.535034
11171	83.000000	165.611572	57.574612	0.290689	0.354976	449.550629
11180	80.000000	207.322250	80.642975	0.144062	0.427083	490.788086
11181	83.000000	167.539673	44.576374	0.390661	0.304274	445.618835
11190	83.000000	183.446671	67.403557	0.178912	0.407791	465.370361
11191	87.000000	176.108917	53.463009	0.399117	0.300361	451.861877
11200	87.000000	175.789124	60.098213	0.248567	0.372349	462.988373
11201	86.000000	153.809555	56.820988	0.250874	0.374942	450.335663
11210	81.000000	170.240219	72.234184	0.112774	0.442439	461.676300
11211	84.000000	165.255096	53.161327	0.360860	0.319521	447.312744
11220	82.000000	173.080353	69.660248	0.051498	0.470524	461.669922
11221	80.000000	146.206192	74.409042	0.102592	0.450869	449.793762
11230	85.000000	175.745392	71.516678	0.197486	0.400133	465.698425
11231	82.000000	164.964279	50.666630	0.345273	0.327476	447.372925
11240	87.000000	168.843338	67.199776	0.157202	0.418084	466.666840
11241	86.000000	154.126511	63.892628	0.171988	0.414875	451.793671
11250	110.000000	191.753601	58.197300	0.257166	0.367973	484.439728
11251	83.000000	162.043518	57.695053	0.356580	0.322242	447.797668
11260	79.000000	168.807846	70.626968	0.134851	0.431296	457.787811
11261	82.000000	166.386002	49.265629	0.381625	0.309448	447.420868
11270	109.000000	181.680832	59.218887	0.260317	0.366433	481.885315
11271	82.000000	149.031311	57.934608	0.204094	0.399031	443.971771
11280	90.000000	164.223572	66.404434	0.058208	0.467101	469.446655
11281	79.000000	161.754456	55.998718	0.337106	0.330752	447.213348
11290	104.000000	672.413147	2.275505	0.743176	63227.730469	478.921021
11291	73.000000	184.236084	49.538979	0.417886	0.290591	446.336945
11300	97.000000	183.254333	48.199593	0.336064	0.326942	470.591980
11301	81.000000	151.831589	62.152821	0.173595	0.413768	448.304138
11310	107.000000	167.716141	65.249222	0.169573	0.412814	476.400177
11311	83.000000	136.870468	62.607986	0.124129	0.437879	448.496948
11320	107.000000	183.514236	62.776516	0.281296	0.355493	480.686890
11321	86.000000	159.132767	46.581112	0.438694	0.279941	449.028900
11330	81.000000	159.540619	77.526840	0.005572	0.496390	464.437988
11331	85.000000	138.331451	73.654747	0.000001	0.500454	456.263062
11340	81.000000	174.773315	66.725494	0.167946	0.413870	463.858002
11341	84.000000	169.800400	51.673817	0.361264	0.319033	452.584045
11350	108.000000	174.720947	61.531235	0.114401	0.438878	482.828217
11351	82.000000	149.079636	59.252392	0.244347	0.377768	447.507935
11360	90.000000	171.517654	64.713898	0.169504	0.412613	468.677979
11361	82.000000	167.548325	37.301189	0.443871	0.276481	440.072754
11370	84.000000	155.009933	54.703545	0.037339	0.479368	455.074768
11371	83.000000	162.949707	41.576424	0.252480	0.373344	439.968506
