00010	86.000000	182.146622	48.914570	0.137890	0.428334	463.876129
00011	82.000000	173.573090	43.310795	0.282048	0.356452	448.790619
00020	85.000000	196.175369	65.917313	0.152897	0.420677	473.951874
00021	80.000000	204.540649	57.160748	0.378751	0.309769	464.993042
00030	87.000000	198.835007	67.295586	0.127477	0.433147	480.891998
00031	86.000000	222.656387	64.969215	0.317451	0.342824	484.029785
00040	81.000000	182.013809	71.210922	0.026563	0.484786	469.328918
00041	82.000000	201.696960	76.433578	0.217949	0.393624	474.555908
00050	83.000000	204.562759	88.861069	0.023183	0.491252	499.208313
00051	83.000000	153.008087	68.565125	0.121397	0.439643	455.715912
00060	81.000000	173.220154	68.728935	0.065721	0.465820	459.817657
00061	81.000000	182.034851	51.127171	0.389744	0.303730	454.079590
00070	80.000000	193.208237	69.640610	0.159604	0.419253	472.419373
00071	83.000000	174.981201	69.616425	0.158117	0.422363	461.638123
00080	84.000000	184.296997	66.672791	0.099029	0.449986	465.308838
00081	89.000000	206.347717	53.943417	0.314108	0.340954	469.823517
00090	82.000000	219.691742	73.861061	0.144021	0.424223	489.570831
00091	81.000000	178.650452	70.071983	0.146111	0.424108	461.677795
00100	82.000000	199.915802	81.444252	0.020714	0.489525	484.220947
00101	82.000000	191.689743	69.414062	0.200999	0.399351	467.151886
00110	86.000000	240.495697	81.051857	0.179086	0.409857	516.345947
00111	81.000000	174.015625	87.898415	0.014008	0.499099	465.724731
00120	82.000000	188.310104	77.201584	0.099669	0.449281	473.078949
00121	80.000000	194.157547	67.423027	0.215348	0.392368	461.616669
00130	83.000000	194.597214	69.246315	0.120267	0.438707	468.262238
00131	86.000000	1003.447510	19.579048	0.616327	63312.917969	515.613586
00140	79.000000	189.076950	78.370102	0.130830	0.436148	471.326385
00141	82.000000	165.135071	55.164185	0.290126	0.353729	451.854340
00150	77.000000	187.265961	63.649857	0.208529	0.394320	460.278198
00151	81.000000	171.072754	77.340446	0.000002	0.502528	463.666382
00160	84.000000	199.005829	60.903782	0.243534	0.375954	468.699188
00161	79.000000	186.901276	63.296211	0.265926	0.368476	456.420563
00170	83.000000	182.370468	69.657692	0.146139	0.425936	464.610748
00171	85.000000	194.658569	80.706818	0.118398	0.442776	474.700989
00180	84.000000	200.937775	85.118797	0.000000	0.498693	500.577728
00181	83.000000	191.687073	72.575989	0.103077	0.451537	466.729553
00190	84.000000	184.750000	60.313828	0.186383	0.404295	464.536285
00191	80.000000	178.597382	69.944191	0.114347	0.441935	464.201172
00200	77.000000	204.428436	75.714195	0.159434	0.421040	477.962952
00201	77.000000	168.680283	57.699066	0.309118	0.344468	450.580444
00210	88.000000	182.950516	72.642265	0.057480	0.469582	475.488434
00211	82.000000	190.707123	46.227257	0.360207	0.318481	455.659058
00220	82.000000	174.581161	75.122543	0.031792	0.482058	462.619995
00221	83.000000	173.678268	67.094978	0.208138	0.395506	459.084198
00230	88.000000	193.726944	68.099136	0.142056	0.428168	473.716278
00231	81.000000	178.840027	53.021423	0.332822	0.333034	451.139191
00240	84.000000	196.435623	65.104073	0.166476	0.414018	473.865387
00241	79.000000	195.682480	54.787376	0.344072	0.328073	455.254364
00250	84.000000	184.412399	64.447807	0.203478	0.395422	465.120667
00251	84.000000	201.212112	78.579750	0.163994	0.418407	482.680237
00260	85.000000	202.544128	79.874306	0.111457	0.443623	486.445160
00261	85.000000	200.891815	72.186256	0.270676	0.367056	471.655487
00270	83.000000	186.715637	50.708569	0.323683	0.335046	457.981140
00271	82.000000	188.192474	60.433514	0.263061	0.369487	459.397034
00280	85.000000	169.069214	64.679817	0.087940	0.453474	461.508392
00281	83.000000	179.139282	51.168003	0.323491	0.336367	453.828400
00290	87.000000	202.445160	75.138832	0.141138	0.428334	484.258026
00291	86.000000	196.039688	91.833527	0.057553	0.473913	494.451385
00300	80.000000	194.898056	68.282997	0.195301	0.401106	468.555450
00301	77.000000	217.362366	60.472637	0.332338	0.331950	471.751343
00310	131.000000	205.109680	48.161114	0.361772	0.314698	503.829834
00311	81.000000	184.396286	52.992508	0.319439	0.338748	454.652008
00320	83.000000	214.209061	69.762543	0.255992	0.370321	482.334229
00321	84.000000	188.606659	54.998199	0.337073	0.330981	458.279205
00330	80.000000	181.446686	70.085457	0.072644	0.461977	466.954102
00331	83.000000	115.369980	62.087646	0.207013	0.396878	437.683777
00340	82.000000	187.679291	63.874088	0.245568	0.375256	463.788116
00341	86.000000	204.224136	76.797997	0.125276	0.439530	482.744659
00350	83.000000	182.482681	65.413391	0.000000	0.496718	468.406525
00351	79.000000	201.972656	51.908840	0.413287	0.292126	459.323975
00360	83.000000	182.384476	65.157616	0.193276	0.401952	463.506348
00361	85.000000	205.796631	48.082508	0.345837	0.326175	463.972931
00370	80.000000	184.639023	54.247032	0.046510	0.475032	453.547638
00371	80.000000	212.846771	79.514183	0.122531	0.441927	481.216187
01010	81.000000	202.289490	68.155334	0.065928	0.466075	471.549652
01011	82.000000	198.027771	58.458782	0.133842	0.437394	460.720459
01020	83.000000	224.432861	84.914162	0.149412	0.426348	504.973877
01021	82.000000	191.668747	72.701248	0.180236	0.413471	462.113434
01030	83.000000	196.823837	70.238731	0.176247	0.411597	466.209351
01031	81.000000	167.852798	56.406208	0.230505	0.386394	446.523346
01040	82.000000	194.534760	74.243729	0.155550	0.419887	469.067322
01041	83.000000	196.883301	92.541176	0.001427	0.506002	491.496704
01050	81.000000	196.023849	90.548096	0.079163	0.464327	488.458862
01051	83.000000	183.262863	51.066372	0.317858	0.341504	448.511658
01060	87.000000	206.027435	88.446922	0.048349	0.476350	501.851318
01061	82.000000	202.048340	66.835121	0.206238	0.398782	464.425049
01070	79.000000	3457.474121	1078.139526	0.000001	211.814590	490.048370
01071	83.000000	185.637726	63.185398	0.166297	0.418107	459.970642
01080	88.000000	181.747437	80.139931	0.000000	0.499895	476.779480
01081	82.000000	168.534210	74.146957	0.000001	0.501636	460.031342
01090	81.000000	178.008698	90.478828	0.019616	0.491580	483.198608
01091	86.000000	194.213898	51.093685	0.321099	0.337421	458.530304
01100	82.000000	189.023178	73.391739	0.132193	0.432784	470.920044
01101	91.000000	213.037979	55.630836	0.302845	0.347838	469.658539
01110	79.000000	191.853455	85.115059	0.000000	0.498098	480.804138
01111	85.000000	167.333664	63.851124	0.103269	0.450108	454.603241
01120	78.000000	184.519592	85.108345	0.003805	0.498334	475.095001
01121	82.000000	182.474991	58.983093	0.209933	0.394624	454.830658
01130	86.000000	183.865234	83.674225	0.071181	0.465406	482.150726
01131	79.000000	182.077591	56.371880	0.251487	0.374710	451.432404
01140	81.000000	215.467804	74.006088	0.239723	0.379281	485.631805
01141	78.000000	202.454437	69.782036	0.161226	0.423266	464.706055
01150	81.000000	203.844498	87.757622	0.127859	0.435866	490.324768
01151	81.000000	164.423111	57.398872	0.132866	0.434213	450.140533
01160	81.000000	204.352615	72.492989	0.212804	0.390695	474.335480
01161	81.000000	194.329834	67.096222	0.195780	0.404462	462.135162
01170	84.000000	183.244492	77.551613	0.034650	0.480436	474.687073
01171	84.000000	173.055573	51.203506	0.265687	0.367410	447.732727
01180	82.000000	209.248993	80.014320	0.166015	0.416622	481.621185
01181	81.000000	134.926132	44.459095	0.443988	0.276799	432.532990
01190	80.000000	174.663437	88.390388	0.026123	0.488276	468.655457
01191	80.000000	198.510727	64.867783	0.246106	0.378775	457.867737
01200	81.000000	184.252182	71.749855	0.000000	0.494038	478.124725
01201	79.000000	202.987259	63.287811	0.278731	0.361739	462.810059
01210	81.000000	188.732010	80.616959	0.086004	0.457201	472.281372
01211	78.000000	194.482544	66.722137	0.231760	0.386111	459.721558
01220	83.000000	189.948273	77.531685	0.104402	0.448052	467.827026
01221	83.000000	183.552475	52.109867	0.273203	0.362608	452.610168
01230	83.000000	204.163559	67.695168	0.229135	0.382826	473.128357
01231	83.000000	167.885147	50.761345	0.226651	0.385866	446.444061
01240	88.000000	184.246887	80.156677	0.024797	0.487064	476.863037
01241	83.000000	191.843552	61.481895	0.263712	0.368676	458.961243
01250	80.000000	193.395142	66.953201	0.234419	0.380596	462.764435
01251	81.000000	180.017715	66.168922	0.152206	0.426662	455.738708
01260	76.000000	194.000275	71.634186	0.215997	0.390718	469.514954
01261	80.000000	206.737076	59.700817	0.280098	0.359822	464.652649
01270	83.000000	186.918137	73.672157	0.197064	0.400582	471.284668
01271	84.000000	189.760132	64.266182	0.207596	0.396966	460.139923
01280	87.000000	174.394241	72.136536	0.000000	0.497951	468.245300
01281	83.000000	152.617599	70.792358	0.048262	0.477555	454.009735
01290	83.000000	192.805237	75.178757	0.233542	0.383755	470.738159
01291	79.000000	193.380371	51.027851	0.302943	0.347933	452.901825
01300	82.000000	222.176819	80.727806	0.121146	0.436716	496.966888
01301	79.000000	186.437790	48.767715	0.305489	0.347005	450.664734
01310	86.000000	198.348312	82.952599	0.000000	0.497512	494.574615
01311	83.000000	176.132629	75.426369	0.096160	0.454516	457.994659
01320	85.000000	194.012573	71.961411	0.211352	0.393666	471.037872
01321	81.000000	186.274094	70.805870	0.144515	0.429867	461.725281
01330	77.000000	176.323792	83.484604	0.000000	0.499014	472.427917
01331	80.000000	163.725906	53.453682	0.198423	0.402258	443.572418
01340	83.000000	182.502655	72.014893	0.046088	0.474164	477.298462
01341	83.000000	185.156158	53.310154	0.274882	0.362343	450.598480
01350	80.000000	168.579102	84.819473	0.060755	0.469196	467.563538
01351	81.000000	154.766449	64.292717	0.036942	0.482702	447.985687
01360	81.000000	202.229599	73.635391	0.048877	0.473642	484.977234
01361	83.000000	188.249191	49.538918	0.304201	0.348280	452.594116
01370	79.000000	193.403397	56.685795	0.180112	0.408137	465.401459
01371	86.000000	181.910294	39.593803	0.250035	0.374605	443.981445
02010	83.000000	191.227036	58.343777	0.145941	0.424745	467.366211
02011	84.000000	120.125633	37.098660	0.088157	0.455076	456.332581
02020	82.000000	167.422409	59.865208	0.073730	0.459540	457.630371
02021	85.000000	179.489349	55.751717	0.212888	0.393429	458.149078
02030	83.000000	170.492065	71.982002	0.190703	0.404087	465.071259
02031	82.000000	152.401230	64.012589	0.000000	0.501138	449.205139
02040	84.000000	222.537827	96.255569	0.058898	0.472313	508.375183
02041	80.000000	189.410095	55.679054	0.257168	0.371397	453.033478
02050	87.000000	172.792099	64.393280	0.232832	0.381634	465.233887
02051	81.000000	144.158325	46.729603	0.180806	0.408572	436.210114
02060	81.000000	191.506699	58.496941	0.270926	0.360345	465.045990
02061	79.000000	167.223923	48.380775	0.239362	0.379683	446.113647
02070	83.000000	206.700394	66.686569	0.231582	0.380712	470.632202
02071	78.000000	186.301697	50.133686	0.259786	0.367935	452.738953
02080	87.000000	209.653625	75.404587	0.104674	0.446016	483.955383
02081	90.000000	194.994522	57.800411	0.152677	0.424214	463.434296
02090	84.000000	171.820679	73.389519	0.194684	0.401071	465.970306
02091	84.000000	189.667618	49.293449	0.276418	0.359808	457.121582
02100	79.000000	175.505173	68.751778	0.183684	0.406443	458.287842
02101	85.000000	182.806320	54.862083	0.225181	0.387314	453.930176
02110	81.000000	183.050415	76.168915	0.000000	0.496388	476.884766
02111	83.000000	190.360947	54.018299	0.222504	0.388083	457.780823
02120	87.000000	228.601013	86.126869	0.085902	0.454657	515.985229
02121	81.000000	204.275513	54.953426	0.167234	0.416458	459.698242
02130	87.000000	188.982147	61.156525	0.285242	0.355423	467.419983
02131	82.000000	181.259781	47.161964	0.281413	0.358109	448.006256
02140	85.000000	183.508102	68.748535	0.000000	0.494619	473.700500
02141	78.000000	186.142548	59.589466	0.189178	0.405908	451.702301
02150	83.000000	173.665833	73.206055	0.141709	0.427911	464.921631
02151	79.000000	179.246933	52.941525	0.234982	0.382952	445.053253
02160	84.000000	246.976273	70.908943	0.210984	0.389641	501.796936
02161	80.000000	204.185394	67.497513	0.117567	0.444462	462.540375
02170	85.000000	169.289597	72.386856	0.067309	0.463860	465.882416
02171	82.000000	161.072311	50.184818	0.191144	0.403817	445.635895
02180	83.000000	172.701981	77.212624	0.082697	0.457989	465.487671
02181	79.000000	182.178131	50.598248	0.271471	0.362861	449.013367
02190	81.000000	177.747116	73.510208	0.138045	0.429991	464.067657
02191	80.000000	167.608139	59.481880	0.130066	0.435273	448.640625
02200	80.000000	191.105423	86.758064	0.056740	0.471203	479.311310
02201	84.000000	178.221344	62.058388	0.091135	0.455901	455.156677
02210	79.000000	188.418640	85.355850	0.063060	0.468061	473.957184
02211	85.000000	166.328262	66.955994	0.076679	0.464436	452.452179
02220	81.000000	179.158951	80.437950	0.000000	0.498669	474.063751
02221	83.000000	193.203979	53.802563	0.224999	0.385963	457.012939
02230	81.000000	214.223328	87.595650	0.065345	0.467351	485.159058
02231	80.000000	183.803680	44.287266	0.249482	0.373672	450.297760
02240	87.000000	191.410614	71.467926	0.121262	0.437160	473.619171
02241	83.000000	189.896927	52.941399	0.191302	0.403500	455.684509
02250	84.000000	184.927032	84.654221	0.000000	0.500960	471.822083
02251	83.000000	177.466660	58.380157	0.172379	0.415120	452.993866
02260	86.000000	184.935135	68.945847	0.170594	0.413781	465.191986
02261	88.000000	189.091415	55.620190	0.232422	0.382713	459.823822
02270	83.000000	175.297729	80.357109	0.000000	0.496876	474.592651
02271	81.000000	180.701981	53.538780	0.218252	0.390639	449.796753
02280	81.000000	220.599747	79.026558	0.193322	0.401711	499.335541
02281	78.000000	172.932419	48.612911	0.241466	0.378580	443.935394
02290	83.000000	195.546967	67.498276	0.184866	0.404384	466.557983
02291	82.000000	181.198364	57.067711	0.251708	0.374134	451.835266
02300	83.000000	172.581635	73.274597	0.000000	0.497695	467.013062
02301	84.000000	160.836777	50.711765	0.207227	0.396094	447.772797
02310	85.000000	173.812958	64.243614	0.125714	0.435813	463.621399
02311	82.000000	199.211456	43.777607	0.246480	0.373318	456.069275
02320	169.000000	165.636246	78.292580	0.000312	0.498522	551.356445
02321	88.000000	187.362701	53.140804	0.246290	0.375099	459.639191
02330	81.000000	203.628952	88.596649	0.093669	0.453421	486.831390
02331	80.000000	127.926476	29.874573	0.373390	0.311212	424.706360
02340	84.000000	151.687592	71.302361	0.029343	0.482247	462.569672
02341	84.000000	205.084763	53.798363	0.109896	0.444757	466.320190
02350	80.000000	160.563599	67.022583	0.137582	0.430304	455.961823
02351	80.000000	614.703369	112.495201	0.029269	1.399598	536.135193
02360	83.000000	178.523193	72.808434	0.000001	0.499825	467.365570
02370	87.000000	182.058487	58.666969	0.046253	0.473601	471.884186
02371	80.000000	194.484787	36.809887	0.001437	0.473991	442.892914
03010	78.000000	202.961288	54.192619	0.140307	0.428268	459.220764
03011	82.000000	180.526749	45.182919	0.109019	0.446966	438.638824
03020	83.000000	182.468155	63.162174	0.004100	0.494741	464.780457
03021	81.000000	167.993057	64.858116	0.079457	0.462789	450.475525
03030	83.000000	188.636322	60.424015	0.175037	0.408923	468.923798
03031	80.000000	179.617447	59.459576	0.221427	0.391197	452.512177
03040	85.000000	191.454788	65.266937	0.037914	0.479126	475.513824
03041	134.000000	191.888840	37.220444	0.355819	0.320925	474.648895
03050	83.000000	189.469254	63.911156	0.256226	0.370560	464.996582
03051	85.000000	178.175247	50.141098	0.261356	0.369667	451.914032
03060	85.000000	195.549744	57.975346	0.145348	0.425618	466.706116
03061	83.000000	182.292542	58.086498	0.227039	0.388378	452.122803
03070	84.000000	195.302643	49.697983	0.254655	0.368944	463.179199
03071	82.000000	188.938034	50.911167	0.306419	0.347880	449.886749
03080	84.000000	185.452209	70.389107	0.023391	0.487341	468.335205
03081	86.000000	181.569016	70.275520	0.115776	0.446162	460.656433
03090	86.000000	193.414673	51.986149	0.244406	0.372182	464.495422
03091	80.000000	176.059799	55.736359	0.205160	0.397545	448.293457
03100	83.000000	182.124390	57.710384	0.161053	0.418102	458.731842
03101	87.000000	177.246811	60.997246	0.141100	0.430808	455.298248
03110	81.000000	198.032059	55.173607	0.303224	0.346200	460.633514
03111	80.000000	170.947769	60.267227	0.111553	0.446554	449.426697
03120	83.000000	663.903503	22.400578	1.000054	0.414840	1431597696.000000
03121	81.000000	175.366882	67.810333	0.048292	0.479390	454.556824
03130	86.000000	206.315689	68.640984	0.194217	0.401768	474.769958
03131	82.000000	184.674164	58.929089	0.221303	0.392009	452.077209
03140	83.000000	179.318771	57.492226	0.168445	0.412358	459.272949
03141	82.000000	184.476761	54.333992	0.214648	0.394422	451.576385
03150	83.000000	181.667496	54.698471	0.198531	0.396944	456.277344
03151	139.000000	205.843109	49.727367	0.309167	0.344874	494.020813
03160	83.000000	210.195923	68.945007	0.214124	0.390523	479.264648
03161	84.000000	192.457947	54.244633	0.262908	0.369769	454.720032
03170	81.000000	208.754761	70.585571	0.216110	0.390776	476.237396
03171	82.000000	192.265656	48.425163	0.274847	0.362955	451.254303
03180	85.000000	177.918121	75.764534	0.000000	0.499342	469.584503
03181	86.000000	179.356293	56.409252	0.192633	0.404786	454.080566
03190	85.000000	216.292252	70.340500	0.163233	0.416672	484.799957
03191	83.000000	165.518768	67.262413	0.039089	0.483173	450.149170
03200	85.000000	186.928406	63.415466	0.163388	0.416644	464.237701
03201	75.000000	192.991089	52.949917	0.254560	0.374198	447.279755
03210	81.000000	184.986374	60.666439	0.061508	0.465767	465.139923
03211	82.000000	189.741913	63.844978	0.137957	0.435415	459.366241
03220	77.000000	197.042313	73.550667	0.121821	0.440390	462.947479
03221	84.000000	190.095215	49.114616	0.274238	0.362895	449.293854
03230	85.000000	197.081741	74.286385	0.083811	0.457266	471.938599
03231	80.000000	190.584610	49.472874	0.289615	0.355327	449.779663
03240	84.000000	186.419922	70.735977	0.040450	0.479677	468.967804
03241	86.000000	178.897064	65.901634	0.139732	0.431999	459.764435
03250	80.000000	202.168442	57.619884	0.196343	0.397622	465.009338
03251	87.000000	188.629807	64.159943	0.152688	0.427968	457.629547
03260	85.000000	206.777939	67.424835	0.178327	0.409811	473.092865
03261	79.000000	184.896942	77.069641	0.086775	0.462900	458.012604
03270	83.000000	178.023148	73.267273	0.027148	0.486611	467.813202
03271	87.000000	175.931808	60.324814	0.000000	0.499548	461.011017
03280	84.000000	201.087875	69.625473	0.128104	0.435382	470.182007
03281	81.000000	175.618454	64.029350	0.150991	0.426702	453.622101
03290	78.000000	205.367615	62.348747	0.197810	0.398740	464.812622
03291	83.000000	193.383377	55.160419	0.247691	0.377664	454.522705
03300	83.000000	191.415848	78.737129	0.026754	0.486037	470.872192
03301	134.000000	201.140900	50.947865	0.305798	0.346271	497.183807
03310	84.000000	173.314346	65.444550	0.069652	0.463046	459.794586
03311	84.000000	183.743011	63.902420	0.147997	0.427907	455.695648
03320	81.000000	196.368958	82.992546	0.000000	0.499611	485.085907
03321	133.000000	199.400909	51.440884	0.256504	0.370890	493.422821
03330	84.000000	200.699905	74.133049	0.005699	0.494484	476.822784
03331	79.000000	202.148148	59.491379	0.265414	0.369767	457.578278
03340	84.000000	194.594040	63.720604	0.159250	0.417109	463.465881
03341	87.000000	183.082642	69.113831	0.102238	0.453148	461.277802
03350	80.000000	174.212433	66.986656	0.123973	0.438665	461.462646
03351	84.000000	187.674835	55.005512	0.265085	0.368122	453.650299
03360	81.000000	193.560059	49.830334	0.208333	0.390831	462.241241
03361	83.000000	185.231476	60.495335	0.180340	0.411733	458.080017
03370	82.000000	197.464462	47.879230	0.119211	0.436794	467.731323
03371	82.000000	183.745209	56.647072	0.082178	0.462281	453.561859
04010	78.000000	174.679504	50.781532	0.111997	0.439793	457.168243
04011	85.000000	195.460098	43.901211	0.194911	0.402581	453.951385
04020	83.000000	203.286789	82.853783	0.102827	0.447915	481.664856
04021	84.000000	169.785095	62.960445	0.119247	0.441900	455.295258
04030	83.000000	200.883865	78.839218	0.072455	0.460031	484.625031
04031	79.000000	192.179993	57.607895	0.264035	0.368833	456.475281
04040	81.000000	156.205841	54.739216	0.216901	0.388203	454.040161
04041	81.000000	175.632614	62.418175	0.120686	0.440724	453.919342
04050	83.000000	178.498444	73.121490	0.108408	0.443717	469.755493
04051	84.000000	191.588394	70.776657	0.134139	0.434723	465.642548
04060	78.000000	178.925522	87.886833	0.004220	0.498425	480.038910
04061	82.000000	188.691055	53.867756	0.280333	0.360962	451.554596
04070	74.000000	214.112381	61.553265	0.265969	0.361488	476.205444
04071	84.000000	159.383438	41.847469	0.292109	0.353026	440.339020
04080	85.000000	195.081055	63.809692	0.242470	0.375443	470.335510
04081	83.000000	207.931030	55.239132	0.235126	0.380749	465.907745
04090	82.000000	207.551804	73.764046	0.136778	0.426981	482.981415
04091	82.000000	181.702988	72.930237	0.052110	0.478434	458.455170
04100	83.000000	174.876526	63.788910	0.298545	0.349083	460.306549
04101	78.000000	173.466431	59.710377	0.170909	0.414016	452.289124
04110	82.000000	223.781281	75.603340	0.132288	0.428444	496.505035
04111	81.000000	195.872910	68.378860	0.157523	0.423588	464.405182
04120	80.000000	171.915176	62.685558	0.127246	0.432407	459.171906
04121	80.000000	187.289398	64.891899	0.118124	0.442254	457.733398
04130	80.000000	220.366058	81.335945	0.194263	0.402003	495.699951
04131	77.000000	208.125015	71.028191	0.192345	0.406813	467.522125
04140	84.000000	170.142929	74.200233	0.091928	0.452487	464.149872
04141	79.000000	180.978745	54.097393	0.231919	0.383820	451.530304
04150	87.000000	223.194443	83.954620	0.102821	0.446722	501.115692
04151	77.000000	226.305923	79.605690	0.140289	0.436147	490.516571
04160	79.000000	201.707581	91.185463	0.047396	0.476838	491.222565
04161	82.000000	187.356461	52.610901	0.248994	0.375119	454.792358
04170	79.000000	200.341125	78.296257	0.118848	0.436811	480.951538
04171	85.000000	202.461212	52.834686	0.309925	0.344701	462.062012
04180	87.000000	190.052719	81.109047	0.130849	0.435310	479.000000
04181	84.000000	188.457458	74.872238	0.040775	0.481004	468.423431
04190	81.000000	199.275101	85.374519	0.053823	0.470491	482.266785
04191	84.000000	190.789078	60.294930	0.229944	0.385474	457.788727
04200	84.000000	200.424393	65.778236	0.236406	0.377436	476.054382
04201	82.000000	170.191925	70.297440	0.075641	0.464572	454.981171
04210	80.000000	146.715027	47.018494	0.301174	0.347090	447.010986
04211	82.000000	186.134689	61.312000	0.197062	0.402846	455.720886
04220	81.000000	192.785858	65.238495	0.282994	0.355820	462.926849
04221	82.000000	198.626099	57.166668	0.247606	0.377138	456.763947
04230	78.000000	230.489914	96.044327	0.004599	0.496700	527.381653
04231	77.000000	168.468109	72.617538	0.064722	0.470403	451.968384
04240	80.000000	212.934341	87.208885	0.121891	0.438306	496.775299
04241	80.000000	200.248535	49.159767	0.303459	0.347771	454.950134
04250	79.000000	202.440063	85.586258	0.080337	0.458676	484.820526
04251	86.000000	182.803497	62.500950	0.152198	0.425037	459.224579
04260	82.000000	188.034119	90.733582	0.030058	0.483306	487.589874
04261	85.000000	172.481094	58.460495	0.162694	0.418455	455.892242
04270	85.000000	243.784470	82.795258	0.146949	0.423725	517.198608
04271	82.000000	177.626907	54.225887	0.231593	0.384122	452.162933
04280	81.000000	210.713852	89.302254	0.020269	0.487252	501.057129
04281	80.000000	197.470413	55.348095	0.283923	0.357824	457.284363
04290	79.000000	210.528488	77.296127	0.115816	0.441097	484.772156
04291	85.000000	197.674011	53.225689	0.279304	0.360316	459.148285
04300	84.000000	205.034729	78.224785	0.212988	0.391665	484.472565
04301	79.000000	199.710632	54.891266	0.278012	0.360845	456.499603
04310	82.000000	229.060867	87.786858	0.058168	0.469242	511.154480
04311	85.000000	185.386719	60.597137	0.196682	0.402783	457.588104
04320	81.000000	201.673889	93.872360	0.000056	0.498898	496.721466
04321	84.000000	200.955276	60.237286	0.191532	0.404692	463.572388
04330	80.000000	217.556473	82.528389	0.110848	0.444537	499.355164
04331	86.000000	166.326477	63.490280	0.000000	0.500431	457.006226
04340	81.000000	176.565948	69.936272	0.236670	0.380850	459.730957
04341	81.000000	187.234726	57.893295	0.203228	0.397251	454.237885
04350	84.000000	239.542786	93.648109	0.019161	0.485632	541.729858
04351	86.000000	180.766937	63.344551	0.178942	0.412180	460.376221
04360	84.000000	214.159409	94.775703	0.000000	0.500668	510.255219
04361	90.000000	191.793884	47.392212	0.290709	0.353635	458.600372
04370	76.000000	270.447906	63.474182	0.081738	0.454537	618.683105
04371	79.000000	188.191864	54.350136	0.077173	0.462515	452.410858
05010	83.000000	139.900909	65.351387	0.085230	0.457786	457.491638
05011	84.000000	193.318939	53.945030	0.199721	0.399638	461.626953
05020	82.000000	173.977615	72.168602	0.065815	0.466348	469.335846
05021	80.000000	180.248993	59.756207	0.118413	0.442921	454.688812
05030	84.000000	211.445908	72.970779	0.218358	0.388477	484.310486
05031	84.000000	176.157928	59.188313	0.244399	0.379311	453.218536
05040	83.000000	186.576309	61.284283	0.131565	0.431228	467.084961
05041	84.000000	181.005371	61.036800	0.202620	0.400685	456.119568
05050	77.000000	204.644913	68.907448	0.264873	0.364986	477.654572
05051	88.000000	156.548569	46.629784	0.196343	0.401254	451.441956
05060	82.000000	171.549927	69.869804	0.153058	0.421911	462.195648
05061	83.000000	172.634827	72.681343	0.046698	0.479515	460.249939
05070	78.000000	224.531815	89.222458	0.048309	0.475323	514.202698
05071	80.000000	196.880142	46.148727	0.368292	0.315389	450.862518
05080	86.000000	183.932983	76.598351	0.191349	0.402292	474.976013
05081	81.000000	164.786041	64.695374	0.131126	0.436203	450.898712
05090	84.000000	207.886047	84.777771	0.132822	0.431944	495.339020
05091	82.000000	170.146271	54.735256	0.267172	0.365151	449.996399
05100	85.000000	171.886917	70.914711	0.000000	0.495558	473.385925
05101	80.000000	191.418991	66.833588	0.197357	0.404068	458.249695
05110	81.000000	246.603668	92.701195	0.146876	0.427093	537.083679
05111	83.000000	140.960892	39.262451	0.317745	0.340212	434.580383
05120	85.000000	173.627487	76.403610	0.095423	0.451661	471.372589
05121	80.000000	192.681076	53.086849	0.253207	0.373769	454.114716
05130	85.000000	193.493958	86.563957	0.000000	0.499827	494.338898
05131	89.000000	173.499115	48.999905	0.290319	0.354813	453.321930
05140	82.000000	179.662750	65.114288	0.272821	0.361231	463.546417
05141	82.000000	198.950027	46.979851	0.358695	0.320444	455.502228
05150	85.000000	232.001862	85.876450	0.089206	0.455646	517.497437
05151	87.000000	183.502289	48.896584	0.319027	0.339856	456.056122
05160	80.000000	156.530151	65.854576	0.265591	0.365685	455.480408
05161	86.000000	200.862625	52.684540	0.301215	0.349865	459.887543
05170	79.000000	185.833374	86.560783	0.000000	0.500103	483.514252
05171	84.000000	172.743393	56.615307	0.209129	0.395993	453.788788
05180	85.000000	215.625351	88.258217	0.068198	0.467552	497.461060
05181	82.000000	167.509460	52.558315	0.127190	0.435810	449.468872
05190	84.000000	175.029846	62.595898	0.095562	0.447933	466.979584
05191	86.000000	183.941086	55.644787	0.243470	0.377975	456.190796
05200	82.000000	171.316696	65.536079	0.235893	0.379902	458.229980
05201	87.000000	174.278534	64.508675	0.160893	0.422072	458.480682
05210	81.000000	719.678711	441.758850	0.000003	2.096189	482.214203
05211	82.000000	175.239288	51.847858	0.283174	0.358854	451.052246
05220	81.000000	136.033661	74.794144	0.000035	0.499367	457.044220
05221	82.000000	167.642151	69.358101	0.045023	0.479505	457.023254
05230	88.000000	253.289124	106.378288	0.021181	0.495255	558.668945
05231	84.000000	167.971603	57.924423	0.139926	0.431135	453.686188
05240	82.000000	148.009674	70.632912	0.159207	0.419836	457.792603
05241	86.000000	190.817139	59.195004	0.265798	0.368306	461.310242
05250	78.000000	208.268707	92.671837	0.063670	0.470231	495.119019
05251	83.000000	174.566772	53.256474	0.203448	0.398832	453.274811
05260	82.000000	144.322037	74.412109	0.144814	0.428378	456.232422
05261	80.000000	194.840088	52.661026	0.336885	0.332022	455.209320
05270	86.000000	235.642548	84.436974	0.000000	0.497051	520.827332
05271	82.000000	174.886536	54.882526	0.239135	0.381386	451.272491
05280	83.000000	182.612854	68.993446	0.000000	0.491334	479.311432
05281	81.000000	158.889420	61.520069	0.000000	0.500988	449.886749
05290	85.000000	239.576569	90.611542	0.069983	0.465143	534.792480
05291	86.000000	152.525787	37.266098	0.286959	0.356649	431.467773
05300	81.000000	145.539673	66.519302	0.261635	0.368572	451.819794
05301	77.000000	168.695923	62.418968	0.179912	0.411337	449.843353
05310	84.000000	248.560028	85.033157	0.142638	0.426484	528.190186
05311	82.000000	187.768677	57.428486	0.229411	0.385641	456.742920
05320	77.000000	145.592056	77.563454	0.110530	0.443955	455.133850
05321	81.000000	175.000961	73.397774	0.075619	0.466499	457.661987
05330	81.000000	235.832489	103.954391	0.044837	0.480493	531.323975
05331	84.000000	172.506668	60.561756	0.222841	0.389709	453.915649
05340	85.000000	136.373978	69.139847	0.256888	0.371138	455.235413
05341	79.000000	191.391846	62.130180	0.234500	0.384645	456.652435
05350	85.000000	236.378036	102.641258	0.000000	0.502090	535.870850
05351	84.000000	176.032074	60.862011	0.180070	0.411150	453.423553
05360	88.000000	196.273209	79.371475	0.125570	0.436425	487.511902
05361	79.000000	148.037628	69.777794	0.000061	0.503985	445.479309
05370	85.000000	281.554352	66.587341	0.051891	0.469980	621.084900
05371	82.000000	149.175308	36.752289	0.231727	0.384167	420.730042
06010	81.000000	197.260803	41.293148	0.312010	0.339450	462.105133
06011	81.000000	178.677155	52.890495	0.209761	0.395841	453.473450
06020	85.000000	158.342560	72.757454	0.054441	0.473012	462.284180
06021	80.000000	158.965225	35.229492	0.351725	0.322060	436.438721
06030	77.000000	187.925781	73.406647	0.151108	0.424768	476.406494
06031	85.000000	186.117828	56.503544	0.246082	0.377568	459.807861
06040	78.000000	164.922302	78.922752	0.000041	0.499209	464.193542
06041	82.000000	151.717361	45.251377	0.280117	0.359477	438.076172
06050	82.000000	171.428253	73.833702	0.169095	0.412268	467.907928
06051	84.000000	182.927765	53.709976	0.280638	0.359820	454.829498
06060	79.000000	185.570435	61.276688	0.310185	0.340739	467.565918
06061	79.000000	190.308060	22.617325	0.622093	0.186145	442.406830
06070	81.000000	166.726974	67.438011	0.000000	0.495829	466.513519
06071	84.000000	177.769165	65.005981	0.119980	0.441575	461.412933
06080	79.000000	182.451828	77.733002	0.112459	0.441550	476.249878
06081	80.000000	157.869186	36.735332	0.374056	0.311702	440.334686
06090	79.000000	189.561737	77.974030	0.182741	0.406984	475.919647
06091	83.000000	191.890579	64.139198	0.209805	0.396165	461.109131
06100	80.000000	182.278732	71.006729	0.216447	0.390301	469.795563
06101	83.000000	154.165436	38.261345	0.307279	0.345138	435.957275
06110	85.000000	161.333801	86.970604	0.039542	0.480362	477.053711
06111	86.000000	153.973038	75.785156	0.001646	0.503013	458.138092
06120	82.000000	180.906693	67.149689	0.249328	0.372750	465.428131
06121	82.000000	151.210144	36.383087	0.341102	0.327700	437.615112
06130	85.000000	169.558075	67.269852	0.000000	0.496364	469.101410
06131	83.000000	160.773468	59.348690	0.234075	0.383852	447.375519
06140	84.000000	197.936752	70.005936	0.276388	0.359643	476.414520
06141	81.000000	144.770187	48.110107	0.086949	0.456197	442.851562
06150	79.000000	177.127945	59.828594	0.000000	0.490446	469.119629
06151	83.000000	180.818161	61.536572	0.189194	0.406274	457.798431
06160	78.000000	180.301773	87.615791	0.080153	0.461189	480.675720
06161	80.000000	147.247955	35.537952	0.334408	0.331022	436.030609
06170	81.000000	193.396011	68.548454	0.261541	0.365148	473.501221
06171	86.000000	182.407318	52.027485	0.270468	0.363568	455.291718
06180	85.000000	186.226334	67.593109	0.241361	0.376728	470.789337
06181	81.000000	185.222290	60.125820	0.235432	0.383450	455.714325
06190	83.000000	176.606003	55.185799	0.343957	0.324661	458.271912
06191	78.000000	169.595963	63.052143	0.167631	0.416954	451.580627
06200	84.000000	168.437408	68.770638	0.110013	0.443080	464.229767
06201	79.000000	147.016113	38.653316	0.321474	0.338633	434.515564
06210	86.000000	193.118515	73.270111	0.000000	0.492870	489.992828
06211	82.000000	179.964935	50.977158	0.301036	0.349508	452.546417
06220	83.000000	189.053558	66.555626	0.247509	0.373226	467.731323
06221	83.000000	193.183136	46.414013	0.331448	0.332366	455.775146
06230	85.000000	179.618805	71.556999	0.175109	0.410377	471.433807
06231	81.000000	212.327408	53.609539	0.296000	0.351007	464.369141
06240	88.000000	168.235565	84.729912	0.101728	0.448894	477.951843
06241	79.000000	169.111237	63.764900	0.138185	0.432530	449.415649
06250	80.000000	176.670181	76.876030	0.126099	0.436239	466.942230
06251	106.000000	184.090652	44.241264	0.380963	0.307660	470.754333
06260	80.000000	186.424728	69.793259	0.256144	0.370133	471.174774
06261	82.000000	194.207489	55.866177	0.307722	0.346817	458.404114
06270	79.000000	194.370117	63.324646	0.285370	0.354409	467.234680
06271	83.000000	170.709946	69.964661	0.176606	0.414112	457.155304
06280	83.000000	193.518188	63.077991	0.312243	0.340913	468.354034
06281	84.000000	172.061768	56.455563	0.241163	0.379379	451.393311
06290	84.000000	180.991409	67.171532	0.248410	0.373655	469.047974
06291	84.000000	184.793304	76.248405	0.120483	0.442329	466.830109
06300	79.000000	182.798935	61.257645	0.302830	0.346309	462.295380
06301	85.000000	175.492294	54.822182	0.237552	0.381028	455.399261
06310	84.000000	157.942627	81.158890	0.000000	0.497983	470.161011
06311	77.000000	164.830551	61.710075	0.196542	0.402335	446.276886
06320	78.000000	193.202621	86.393204	0.078854	0.459562	487.804230
06321	77.000000	167.925217	53.439445	0.286641	0.355806	445.337128
06330	83.000000	172.492264	70.362457	0.000000	0.493570	472.903717
06331	82.000000	167.350113	68.286751	0.000000	0.500627	459.920868
06340	85.000000	173.221298	69.265808	0.163246	0.415566	472.503448
06341	82.000000	180.873276	53.684040	0.306816	0.346352	452.852875
06350	81.000000	176.890732	68.457542	0.154348	0.419456	463.650818
06351	86.000000	187.343231	62.457874	0.271892	0.365319	465.009827
06360	83.000000	177.900513	58.994476	0.196212	0.397729	464.399323
06370	80.000000	191.619171	53.931999	0.149849	0.422266	460.347839
06371	83.000000	181.191086	43.006985	0.317643	0.340530	456.266266
07010	84.000000	179.015472	45.579731	0.179086	0.407611	458.942566
07011	81.000000	174.424469	57.167679	0.094930	0.454879	448.973419
07020	83.000000	229.740662	76.982307	0.066682	0.470310	502.161255
07021	84.000000	204.133759	51.881371	0.329141	0.335384	455.029144
07030	80.000000	190.209244	62.818771	0.228576	0.383279	462.031311
07031	84.000000	183.960098	58.560444	0.296788	0.352710	453.811981
07040	81.000000	316.478638	85.279198	0.115429	0.444066	606.461426
07041	80.000000	161.810425	70.783966	0.101701	0.452194	450.360229
07050	86.000000	166.769058	64.873520	0.067735	0.464077	463.221802
07051	82.000000	157.106186	61.734627	0.136890	0.432415	450.175812
07060	83.000000	248.093262	95.847237	0.007878	0.502163	523.400513
07061	81.000000	188.864441	61.501789	0.259723	0.371368	456.283936
07070	83.000000	204.023468	70.313240	0.187099	0.404144	479.841583
07071	80.000000	174.634598	47.891460	0.394461	0.302255	445.998840
07080	84.000000	311.925720	81.581718	0.095484	0.451858	606.716003
07081	82.000000	180.248734	60.383739	0.154376	0.423849	453.739227
07090	81.000000	169.178009	74.123787	0.080636	0.457015	463.569580
07091	80.000000	185.806824	58.606083	0.291932	0.352836	453.483307
07100	85.000000	254.146149	80.390762	0.110516	0.446179	535.308716
07101	84.000000	186.316513	52.516853	0.276692	0.361753	450.392731
07110	83.000000	224.206329	73.595940	0.181580	0.408483	496.740662
07111	81.000000	186.531433	73.144394	0.157839	0.424709	460.868622
07120	82.000000	317.186615	107.095154	0.028209	0.492269	641.802246
07121	80.000000	161.925171	59.865242	0.000000	0.499255	448.200195
07130	86.000000	195.301956	59.114933	0.266598	0.363722	463.416992
07131	84.000000	175.768616	63.130100	0.166472	0.418681	455.473145
07140	85.000000	303.652740	100.617149	0.077992	0.465650	618.513306
07141	79.000000	207.350952	51.520420	0.300398	0.349366	456.037048
07150	82.000000	207.799515	78.253265	0.000000	0.496215	497.874786
07151	79.000000	162.079132	61.508625	0.124733	0.439389	445.082367
07160	77.000000	305.786041	99.164711	0.042703	0.486264	617.191406
07161	85.000000	182.983978	57.245052	0.242399	0.379553	453.925262
07170	83.000000	195.426270	69.459160	0.200090	0.399036	474.861053
07171	83.000000	167.975250	71.337753	0.129701	0.437758	455.691559
07180	84.000000	214.972290	90.694908	0.000000	0.499979	520.130127
07181	84.000000	153.591339	70.517334	0.000001	0.502231	452.997040
07190	84.000000	171.664871	49.105381	0.246449	0.373654	453.978699
07191	80.000000	200.055359	56.318909	0.316353	0.342420	455.426392
07200	85.000000	230.941589	88.840530	0.000000	0.502793	516.345947
07201	86.000000	183.981354	59.757431	0.237228	0.382746	456.510223
07210	82.000000	267.669312	87.645226	0.077315	0.462884	549.859375
07211	83.000000	179.374664	49.610439	0.298420	0.351257	450.111542
07220	87.000000	245.429932	82.718887	0.000000	0.495280	530.414246
07221	81.000000	171.050705	53.560280	0.225277	0.386994	447.316895
07230	84.000000	244.602615	83.426735	0.071937	0.465491	525.044067
07231	82.000000	168.346497	65.709587	0.109211	0.447201	454.476288
07240	84.000000	302.674225	101.729286	0.034087	0.489798	617.494812
07241	85.000000	177.574631	50.315353	0.304283	0.347991	447.096558
07250	82.000000	191.434418	77.181038	0.113359	0.443934	472.928955
07251	79.000000	183.225388	54.684113	0.312518	0.343831	449.238007
07260	87.000000	264.336548	63.537682	0.008360	0.489018	641.714417
07261	82.000000	176.875259	42.997612	0.320347	0.339049	443.640839
07270	82.000000	242.437958	81.549011	0.102225	0.448670	523.899292
07271	85.000000	175.581146	60.212566	0.211738	0.395226	453.943939
07280	84.000000	328.237854	78.682976	0.114042	0.440716	629.004639
07281	78.000000	167.605652	57.812748	0.172106	0.414403	445.502319
07290	80.000000	183.627274	73.664917	0.111967	0.443290	468.847534
07291	85.000000	170.012772	68.172379	0.075262	0.463490	457.624207
07300	82.000000	248.460876	81.789253	0.076273	0.463804	523.360229
07301	83.000000	181.504044	70.097115	0.094722	0.455907	458.251434
07310	83.000000	250.810867	101.791748	0.006964	0.501867	552.377808
07311	82.000000	167.389084	65.500542	0.195058	0.403533	451.569366
07320	86.000000	309.992188	85.935394	0.090840	0.455820	600.971191
07321	80.000000	149.085388	34.956993	0.338985	0.328507	432.467651
07330	80.000000	158.797775	102.689796	0.097144	0.457101	463.750732
07331	81.000000	196.333801	60.246670	0.236156	0.382331	460.619354
07340	80.000000	250.427963	67.946045	0.057449	0.465099	536.117676
07341	83.000000	178.152100	58.056236	0.253937	0.374866	453.719482
07351	84.000000	190.419907	52.282093	0.312897	0.343474	451.848541
07360	85.000000	361.022797	78.921997	0.044386	0.476917	782.543640
07361	83.000000	160.534149	51.380230	0.060518	0.469931	442.858673
07370	85.000000	195.896423	43.750977	0.125204	0.433640	471.144104
07371	84.000000	200.451691	49.136311	0.231304	0.384425	453.884521
08010	88.000000	198.136856	43.503494	0.211073	0.381697	487.550110
08011	87.000000	1012.635498	87.040512	0.799991	0.006303	572.544067
08020	84.000000	231.534912	60.309235	0.215786	0.383681	497.209412
08021	83.000000	185.044434	52.809944	0.248340	0.329353	465.720581
08030	78.000000	191.721390	73.787766	0.133176	0.423828	471.822021
08031	85.000000	190.627975	44.708492	0.242229	0.319842	468.355316
08040	83.000000	185.114639	69.366417	0.202286	0.387573	472.040924
08041	83.000000	173.723022	50.782902	0.153753	0.376599	464.937195
08050	80.000000	182.942657	61.496078	0.180686	0.395920	467.051971
08051	81.000000	185.391830	42.934261	0.274207	0.306173	471.691010
08060	80.000000	223.877716	67.082970	0.213786	0.378457	481.998688
08061	78.000000	182.736755	55.437176	0.202452	0.354536	458.977051
08070	86.000000	211.035370	79.072601	0.076226	0.447036	491.514648
08071	83.000000	2841.160156	950.102783	0.000007	88.207344	475.680542
08080	83.000000	199.490982	55.288368	0.307457	0.326932	477.499603
08081	83.000000	165.463562	37.282555	0.266519	0.322715	461.822571
08090	81.000000	191.564011	71.378357	0.111786	0.428140	472.336334
08091	86.000000	992.531006	114.901001	0.535128	0.391440	486.985168
08100	83.000000	1066.274780	10.293751	0.548378	63350.890625	521.879456
08101	82.000000	183.284439	49.622532	0.218152	0.345602	461.673645
08110	84.000000	245.151367	68.531555	0.135759	0.415496	506.141205
08111	83.000000	196.298141	56.366417	0.191967	0.343000	474.514008
08120	80.000000	187.858505	99.421379	0.060155	0.465068	488.735809
08121	82.000000	168.541000	50.665176	0.155831	0.378154	453.055084
08130	79.000000	217.414825	57.402687	0.281588	0.342451	475.376831
08131	84.000000	1021.224731	72.491776	0.506732	0.244959	507.411133
08140	80.000000	228.394211	60.830982	0.270324	0.345948	488.969360
08141	78.000000	183.435516	51.476498	0.256704	0.330502	458.485138
08150	79.000000	242.579773	76.461533	0.133292	0.420127	511.151550
08151	80.000000	2914.828613	1.822129	0.770942	0.114529	8537566720.000000
08160	81.000000	230.248047	68.334976	0.274758	0.346338	503.941437
08161	84.000000	190.282516	49.533619	0.243869	0.341880	463.547028
08170	85.000000	205.230255	72.680992	0.163208	0.405985	478.807281
08171	85.000000	209.336700	67.707649	0.187247	0.355606	486.614258
08180	85.000000	248.143219	71.261162	0.165711	0.402788	501.757904
08181	86.000000	184.511414	48.123924	0.219940	0.315377	476.724121
08190	80.000000	193.211685	43.393131	0.314377	0.323582	458.429535
08191	81.000000	175.824692	51.259182	0.149657	0.400398	456.523346
08200	82.000000	187.039764	51.885658	0.289777	0.338606	462.622711
08201	84.000000	192.873489	43.894558	0.301988	0.304921	464.040802
08210	84.000000	160.672699	56.094875	0.217266	0.378131	463.219391
08211	80.000000	182.327820	49.876968	0.224553	0.345967	460.334625
08220	82.000000	194.395706	72.757484	0.113331	0.427757	477.438782
08221	80.000000	185.036346	52.449322	0.195465	0.360883	459.099365
08230	83.000000	247.800095	68.841820	0.157118	0.408386	506.227570
08231	84.000000	198.868042	63.475025	0.133361	0.392703	473.070374
08240	85.000000	208.733673	54.898727	0.297729	0.332431	476.195404
08241	83.000000	185.510498	47.946388	0.275775	0.316576	461.524353
08250	81.000000	193.387161	66.893127	0.156223	0.405718	472.387817
08251	83.000000	177.868423	54.766029	0.198760	0.355693	465.955750
08260	80.000000	192.510086	53.236423	0.305283	0.331937	462.717407
08261	84.000000	185.718491	50.838158	0.221324	0.345301	465.196198
08270	84.000000	246.080872	76.593254	0.097843	0.439552	514.439026
08271	86.000000	200.746841	62.926842	0.151109	0.383278	474.853302
08280	80.000000	206.718460	58.261063	0.222467	0.371444	475.356567
08281	78.000000	187.915909	50.047993	0.269002	0.320527	463.298126
08290	82.000000	165.839127	82.637711	0.003021	0.490515	470.354980
08291	74.000000	185.865921	43.094414	0.299032	0.305782	454.958130
08300	82.000000	207.097046	59.922367	0.215449	0.378425	472.064484
08301	83.000000	195.877304	38.830456	0.289928	0.308948	462.859802
08310	77.000000	251.357941	77.866585	0.136890	0.419113	519.806580
08311	86.000000	204.529205	55.166729	0.222444	0.343716	472.997803
08320	82.000000	173.935135	66.751938	0.154956	0.409180	468.387756
08321	80.000000	192.821732	44.166096	0.307937	0.302999	465.670929
08330	87.000000	189.597031	76.644585	0.159420	0.413313	480.299194
08331	84.000000	182.754227	46.953674	0.251392	0.326753	469.349091
08340	79.000000	199.856857	62.944401	0.258413	0.357537	480.663361
08341	82.000000	196.279663	44.956623	0.312993	0.300694	465.908203
08350	80.000000	219.649139	65.602913	0.194788	0.390009	484.242554
08351	84.000000	185.534302	56.602997	0.152208	0.379363	470.832794
08360	81.000000	191.151581	69.622520	0.211800	0.385039	471.842804
08361	84.000000	202.360641	46.987190	0.258885	0.328621	467.657990
08370	86.000000	194.946198	53.751637	0.143307	0.415881	493.767548
08371	84.000000	193.439774	37.082439	0.219272	0.330182	479.918823
09010	81.000000	178.179092	41.083988	0.135479	0.430529	454.911316
09011	84.000000	195.512573	60.283409	0.152376	0.427645	460.993347
09020	81.000000	171.555176	49.395618	0.238802	0.378010	451.255249
09021	81.000000	196.895813	42.735817	0.380996	0.308641	449.055511
09030	82.000000	210.283417	56.306129	0.138131	0.426299	473.982819
09031	84.000000	185.284790	57.734219	0.234597	0.385052	452.589417
09040	80.000000	176.484268	57.355858	0.175140	0.408817	461.311646
09041	80.000000	195.266571	58.510796	0.314385	0.344976	457.398956
09050	79.000000	200.806870	72.310852	0.061167	0.469073	470.933624
09051	81.000000	193.340485	53.876526	0.334527	0.332677	454.892090
09060	81.000000	161.631912	79.396324	0.011140	0.496976	457.883301
09061	81.000000	173.922791	65.076584	0.139710	0.432517	454.388611
09070	76.000000	198.131912	51.478924	0.118951	0.434940	462.848480
09071	77.000000	191.509430	53.826233	0.305011	0.347419	450.464508
09080	80.000000	196.163864	55.319550	0.241813	0.375983	457.602478
09081	80.000000	181.324158	52.110645	0.322428	0.337583	451.011169
09090	83.000000	194.028824	51.071194	0.155628	0.416166	462.590607
09091	86.000000	174.051575	44.950703	0.312561	0.341974	447.529846
09100	80.000000	170.377457	70.285751	0.046420	0.475990	458.332672
09101	82.000000	196.685028	50.449738	0.307883	0.345743	456.265289
09110	80.000000	235.863556	75.952393	0.073877	0.461716	513.268127
09111	86.000000	193.164536	49.099579	0.311211	0.345172	455.635406
09120	84.000000	183.896698	62.783890	0.122143	0.436520	465.275024
09121	84.000000	195.267349	51.858063	0.307458	0.345860	455.365112
09130	82.000000	216.734589	65.975502	0.135022	0.428154	474.261200
09131	83.000000	165.703415	36.777901	0.328158	0.335022	429.895752
09140	82.000000	184.439880	61.000893	0.223150	0.387735	460.705475
09141	84.000000	188.664917	53.320202	0.281196	0.358781	456.968109
09150	87.000000	237.898407	67.227699	0.096566	0.447112	511.423950
09151	81.000000	199.282486	58.512115	0.232010	0.384959	459.690979
09160	83.000000	879.818787	17.662626	0.132118	0.147601	752.778870
09161	80.000000	116.997406	62.817890	0.175762	0.413169	421.992676
09170	80.000000	158.215591	52.107967	0.302807	0.346151	446.732635
09171	80.000000	164.210739	43.373253	0.289601	0.355136	437.218201
09180	82.000000	214.567261	68.928085	0.055165	0.468912	485.476868
09181	83.000000	183.723007	61.681389	0.170517	0.415865	457.573425
09190	88.000000	197.305450	64.465714	0.123380	0.435681	468.330719
09191	85.000000	193.716660	60.927536	0.258850	0.371496	460.112366
09200	80.000000	184.400375	53.584801	0.211601	0.388835	455.472687
09201	82.000000	207.954773	52.236317	0.327317	0.335910	459.070679
09210	79.000000	172.925278	50.917171	0.274214	0.360235	451.972046
09211	84.000000	131.735199	59.211723	0.218217	0.391810	437.700104
09220	81.000000	172.874100	58.779385	0.235492	0.380337	456.168335
09221	85.000000	196.450089	52.823769	0.295932	0.350058	460.527618
09230	83.000000	243.826111	71.730705	0.057158	0.467061	509.291046
09231	79.000000	176.294907	75.753349	0.027641	0.492483	454.868622
09240	83.000000	191.644028	52.506271	0.317268	0.338083	460.028809
09241	86.000000	172.512634	65.989250	0.140545	0.432885	453.118286
09250	80.000000	217.098755	69.602623	0.071778	0.461773	477.779297
09251	79.000000	140.970566	48.367531	0.368009	0.315957	431.891052
09260	83.000000	168.819977	65.053085	0.000000	0.490205	464.859772
09261	82.000000	197.491028	51.752583	0.319762	0.341126	454.055969
09270	82.000000	248.706757	80.693451	0.037285	0.482057	523.706055
09271	80.000000	186.446533	66.020653	0.218314	0.393426	457.881989
09280	83.000000	176.078415	58.388042	0.232760	0.380122	456.181396
09281	80.000000	219.050415	55.369717	0.312514	0.343993	466.374573
09290	79.000000	211.205139	77.928757	0.061045	0.430740	475.780518
09291	79.000000	152.299850	45.782280	0.427640	0.285421	428.737122
09300	82.000000	170.833237	73.827736	0.127457	0.436713	460.934265
09301	78.000000	195.754181	54.861813	0.324829	0.339595	452.001648
09310	77.000000	262.178223	81.550835	0.007285	0.388604	480.257721
09311	82.000000	193.520660	62.227699	0.258771	0.372123	457.475464
09320	80.000000	164.117416	68.146111	0.118226	0.440177	458.169006
09321	80.000000	190.467468	56.451057	0.290931	0.354475	452.493042
09330	81.000000	190.248489	70.963547	0.055816	0.473327	468.531891
09331	81.000000	184.589371	41.447273	0.350647	0.321435	452.118195
09340	81.000000	140.001068	45.407394	0.257622	0.368716	447.102356
09341	82.000000	198.544922	43.489456	0.371246	0.313110	454.053772
09350	81.000000	245.217224	52.698425	0.194504	0.395801	493.746002
09351	79.000000	195.559311	53.152077	0.281846	0.360061	451.745209
09360	83.000000	157.045273	64.930725	0.004454	0.497087	453.748169
09361	85.000000	186.159225	44.274891	0.331983	0.333486	450.264130
09370	83.000000	223.876343	42.292656	0.115265	0.436616	478.115967
09371	83.000000	197.611923	51.468296	0.175136	0.414152	455.915436
10010	81.000000	167.173386	50.876537	0.143111	0.428122	450.954315
10011	81.000000	179.535919	73.362389	0.000000	0.505295	464.179352
10020	86.000000	169.542984	76.158432	0.005524	0.498579	464.047424
10021	86.000000	179.481628	58.667450	0.165719	0.417951	456.913452
10030	79.000000	174.261581	77.784943	0.017191	0.492846	461.234375
10031	82.000000	183.873489	53.891563	0.281530	0.360196	453.037964
10040	79.000000	168.193420	68.695007	0.114194	0.442116	458.004578
10041	79.000000	192.900391	56.060310	0.265764	0.368134	455.095703
10050	84.000000	204.525665	61.424194	0.285823	0.353919	469.824310
10051	79.000000	175.963791	63.296211	0.160266	0.421256	454.383759
10060	84.000000	171.128693	77.148262	0.063006	0.470130	467.116119
10061	83.000000	197.485611	62.287052	0.249659	0.377175	461.345764
10070	83.000000	169.081833	65.574036	0.127073	0.434231	461.876343
10071	83.000000	191.219543	61.068497	0.211896	0.395814	461.139618
10080	82.000000	162.978928	80.706223	0.030772	0.486767	462.765350
10081	84.000000	182.640198	61.353195	0.187415	0.407903	457.800018
10090	85.000000	177.251221	59.935955	0.211610	0.389959	462.724243
10091	88.000000	170.103043	63.178196	0.198124	0.401242	453.655670
10100	83.000000	170.410858	66.279877	0.153648	0.420833	463.012238
10101	81.000000	189.504303	65.888382	0.200766	0.402357	457.494659
10110	88.000000	177.288666	76.673714	0.000000	0.498096	475.374451
10111	81.000000	177.907623	52.494846	0.241059	0.379924	448.641602
10120	83.000000	183.090424	76.920891	0.002673	0.496887	472.668457
10121	87.000000	198.130859	68.773872	0.129876	0.438040	468.027557
10130	84.000000	145.659836	47.240791	0.264279	0.366157	444.646423
10131	80.000000	190.814697	55.734322	0.256625	0.371980	455.368958
10140	81.000000	172.475601	62.837933	0.208717	0.394925	456.937439
10141	77.000000	182.699265	60.810635	0.220803	0.391624	451.601959
10150	85.000000	161.134720	65.853775	0.211201	0.394568	457.230469
10151	87.000000	159.153366	59.516930	0.031176	0.485611	453.102478
10160	77.000000	181.307495	58.862892	0.212642	0.390339	457.280426
10161	83.000000	204.303085	56.656662	0.298128	0.351641	461.758240
10170	82.000000	155.430481	54.398575	0.221316	0.388119	449.565002
10171	81.000000	190.025787	52.825306	0.280172	0.359866	453.629578
10180	84.000000	158.775070	63.756104	0.131754	0.431758	458.402191
10181	81.000000	192.814926	55.804665	0.276362	0.362055	456.875641
10190	82.000000	158.802658	61.104622	0.095815	0.449523	456.005859
10191	85.000000	175.616776	61.004261	0.188067	0.407524	453.753906
10200	84.000000	203.227463	72.340973	0.224963	0.386635	477.436890
10201	84.000000	189.630798	52.488956	0.240530	0.379518	457.988831
10210	84.000000	176.321152	81.014664	0.014764	0.493381	470.196106
10211	82.000000	176.450821	58.280766	0.247032	0.378720	450.380249
10220	86.000000	195.562836	68.343918	0.180504	0.407704	470.321960
10221	81.000000	185.556824	47.183899	0.332903	0.333326	450.020813
10230	89.000000	206.751282	79.568039	0.105109	0.449298	486.739532
10231	80.000000	187.483109	50.160000	0.282974	0.358689	450.304657
10240	81.000000	144.228790	79.389809	0.000003	0.500212	459.328064
10241	84.000000	178.741592	51.298161	0.269875	0.365626	450.474091
10250	81.000000	175.540009	74.218941	0.000000	0.494742	468.384521
10251	78.000000	181.895111	46.478218	0.316086	0.341514	447.439636
10260	83.000000	169.710861	68.979698	0.191997	0.403632	460.850952
10261	82.000000	184.188217	43.709148	0.355428	0.320988	448.804016
10270	85.000000	161.547272	62.256500	0.228597	0.384631	460.159485
10271	86.000000	183.010971	49.944912	0.315779	0.342084	451.954437
10280	83.000000	203.468262	76.384895	0.150336	0.423522	478.806946
10281	84.000000	205.797409	58.545742	0.270593	0.365476	462.966675
10290	81.000000	159.985123	61.802464	0.000001	0.496495	458.370575
10291	80.000000	193.066895	51.843990	0.300589	0.349916	454.210602
10300	85.000000	185.590256	74.833229	0.127518	0.435991	469.328613
10301	84.000000	195.594345	50.927925	0.316746	0.341089	457.612732
10310	84.000000	157.118073	65.415878	0.235625	0.380839	458.236053
10311	85.000000	195.898575	59.254124	0.254307	0.372746	463.468323
10320	88.000000	199.556595	64.660301	0.195108	0.399652	473.987793
10321	84.000000	180.637878	69.616020	0.145536	0.429605	459.718506
10330	84.000000	162.282684	69.531364	0.000000	0.497496	461.102448
10331	79.000000	200.285553	48.990002	0.358276	0.320493	454.561554
10340	82.000000	183.472198	84.093170	0.050151	0.477414	470.425659
10341	77.000000	184.785629	54.361454	0.246085	0.378187	450.059814
10350	86.000000	160.883362	58.603622	0.299923	0.348599	456.274200
10351	83.000000	193.330246	52.292011	0.305300	0.347275	454.164673
10360	79.000000	209.829132	65.954163	0.181630	0.408304	473.281067
10361	79.000000	201.323822	54.250145	0.251567	0.376881	454.709442
10370	82.000000	159.927689	50.860191	0.085834	0.454972	457.589294
10371	80.000000	180.579041	50.994892	0.182825	0.410320	447.566132
11010	82.000000	160.808929	55.417423	0.059271	0.468213	453.447571
11011	85.000000	186.839508	58.507286	0.068022	0.466954	461.486633
11020	78.000000	194.260757	65.450546	0.215665	0.391604	463.349396
11021	81.000000	222.628601	56.902935	0.301482	0.349791	476.449158
11030	83.000000	182.300751	65.390198	0.206622	0.395801	460.761292
11031	81.000000	185.769653	75.758224	0.113497	0.448310	463.783112
11040	83.000000	171.212875	53.163700	0.225278	0.383668	455.784515
11041	81.000000	179.687714	67.265137	0.143383	0.430221	460.595886
11050	84.000000	177.557938	69.473061	0.157382	0.420339	463.418213
11051	83.000000	193.170547	58.243847	0.281497	0.359586	460.904755
11060	83.000000	144.967453	63.696453	0.128379	0.435071	455.345428
11061	79.000000	173.747849	64.464661	0.156314	0.423010	455.538239
11070	81.000000	181.773849	68.076469	0.164073	0.417052	462.797180
11071	86.000000	173.555649	58.228748	0.000000	0.498039	463.194946
11080	84.000000	163.978607	71.477119	0.024551	0.487315	463.078430
11081	81.000000	189.640686	72.067856	0.163554	0.422477	465.283539
11090	84.000000	171.438156	67.510742	0.000000	0.496052	465.364746
11091	79.000000	5559.517578	1369.215576	0.000073	5960.608398	483.855682
11100	83.000000	182.053101	56.638508	0.251449	0.370653	460.042236
11101	82.000000	208.405594	56.937218	0.333374	0.333237	462.348114
11110	81.000000	166.817062	60.161602	0.243367	0.377989	454.555359
11111	83.000000	184.719879	67.921494	0.139654	0.432566	461.641876
11120	84.000000	171.740341	65.880394	0.113477	0.441586	463.160797
11121	82.000000	188.571625	68.714577	0.194558	0.404673	461.461761
11130	79.000000	164.654190	71.913605	0.036874	0.480868	458.033081
11131	83.000000	199.633713	51.666691	0.313829	0.342600	457.904236
11140	83.000000	191.831345	63.180679	0.200428	0.397001	464.775879
11141	81.000000	186.991226	70.362671	0.188328	0.409589	459.972290
11150	80.000000	169.023392	61.993034	0.271968	0.363583	455.027252
11151	80.000000	193.750061	56.924183	0.273099	0.364613	458.068298
11160	82.000000	174.228470	75.514877	0.096642	0.451164	464.060791
11161	88.000000	189.854538	50.063869	0.305100	0.346816	458.943329
11170	80.000000	180.183243	68.159309	0.190753	0.404145	462.242249
11171	83.000000	195.565704	61.413605	0.221202	0.391321	462.370239
11180	80.000000	189.917252	67.222946	0.207998	0.394794	467.321930
11181	83.000000	189.390991	51.155243	0.311382	0.343640	456.387299
11190	83.000000	171.160995	66.487190	0.179211	0.408586	462.813965
11191	87.000000	202.945251	57.156193	0.305171	0.346931	467.086395
11200	86.000000	186.205551	58.822521	0.244877	0.375545	463.345398
11201	87.000000	170.568344	68.760628	0.145285	0.429200	460.612549
11210	81.000000	182.276993	69.738335	0.099308	0.448323	467.776123
11211	84.000000	193.528336	56.997341	0.280699	0.360170	459.010468
11220	83.000000	174.661285	74.510269	0.018829	0.489579	464.664734
11221	79.000000	195.185699	70.340729	0.196423	0.404779	464.035583
11230	85.000000	199.990738	70.496567	0.180915	0.408912	475.402863
11231	81.000000	189.430252	55.284031	0.286062	0.358001	456.269043
11240	87.000000	177.319275	69.392479	0.161984	0.418984	466.697937
11241	86.000000	186.390717	67.976936	0.158484	0.422783	466.480804
11250	84.000000	164.887894	70.387634	0.117568	0.441291	462.465240
11251	83.000000	200.713562	59.328926	0.276693	0.361781	466.109161
11260	79.000000	177.634460	66.538643	0.159712	0.420000	457.717072
11261	82.000000	188.151382	50.677078	0.310162	0.344874	455.675964
11270	83.000000	189.591904	65.142601	0.226847	0.384479	469.986237
11271	82.000000	173.044968	61.580112	0.167396	0.417512	455.648193
11280	82.000000	166.620972	68.563278	0.045064	0.475780	460.948578
11281	79.000000	192.751678	60.439095	0.292917	0.354330	457.765869
11290	77.000000	195.293152	74.308739	0.153196	0.424057	473.898346
11291	73.000000	207.408356	58.143635	0.336431	0.332970	462.333008
11300	89.000000	180.257339	54.766964	0.247009	0.374244	463.046631
11301	81.000000	175.985245	69.586166	0.126478	0.439232	458.419647
11310	81.000000	176.851410	67.236183	0.134981	0.430037	464.411469
11311	83.000000	187.390762	71.824883	0.071837	0.466220	467.806396
11320	81.000000	190.102478	67.505760	0.230830	0.383873	468.941315
11321	86.000000	143.276947	93.038246	0.004459	0.506051	455.854156
11330	80.000000	179.072205	66.433800	0.103763	0.443711	467.682526
11331	85.000000	171.316818	58.030891	0.248712	0.375299	457.721497
11340	81.000000	178.941513	71.110382	0.122247	0.438342	465.318115
11341	84.000000	189.141434	59.916054	0.268917	0.366653	461.451965
11350	82.000000	176.213364	66.209892	0.044882	0.473577	465.620636
11351	82.000000	202.422882	64.676689	0.200688	0.401929	469.193817
11360	82.000000	182.825439	62.261066	0.183857	0.406791	462.337402
11361	82.000000	188.971695	49.513443	0.311065	0.344512	453.498352
11370	84.000000	158.286636	61.552547	0.000000	0.496887	460.803131
11371	83.000000	124.350082	57.083519	0.001326	0.501398	424.434998
