Detector | Side | Skip | a_0 | a_1
 
0 0 0 1.31943 0.0127513
1 0 0 1.71372 0.012792
2 0 0 0.694986 0.0113978
3 0 0 0.370662 0.0119615
4 0 0 -0.0312823 0.0122541
5 0 0 0.844523 0.0117172
6 0 0 0.614533 0.0136822
7 0 0 0.370579 0.0125889
8 0 0 -0.531098 0.0115721
9 0 0 0.308776 0.0129002
10 0 0 -0.870039 0.0190868
11 0 0 -0.0221291 0.0142392
0 1 0 0.751333 0.0113268
1 1 0 0.985721 0.011172
2 1 0 0.790831 0.0103877
3 1 0 1.25406 0.0106445
4 1 0 0.551208 0.0118325
5 1 0 0.815044 0.0112445
6 1 0 -0.187068 0.0127804
7 1 0 1.00825 0.0112922
8 1 0 1.23789 0.0088616
9 1 0 1.13364 0.00881684
10 1 0 1.18289 0.0105808
11 1 0 0.695763 0.0114367
0 0 1 1.0709 -0.00121988
1 0 1 1.05997 0.000881091
2 0 1 0.906382 -0.00184921
3 0 1 1.01204 -0.00242529
4 0 1 0.507091 -0.000906606
5 0 1 0.627403 -0.00118273
6 0 1 0.841293 -0.000478885
7 0 1 1.07712 -0.00059643
8 0 1 0.326362 -0.00121063
9 0 1 1.40189 -0.00117615
10 0 1 0.576957 0.000703279
11 0 1 0.427771 0.000551287
0 1 1 0.762995 -0.00162635
1 1 1 0.903231 -0.00175213
2 1 1 0.58732 -0.00220424
3 1 1 1.15523 -0.00205815
4 1 1 0.681833 -0.00121181
5 1 1 0.788974 -0.00126582
6 1 1 0.545971 -0.00101908
7 1 1 0.921153 -0.000895582
8 1 1 0.5359 -0.0021672
9 1 1 0.62377 -0.00223829
10 1 1 0.95256 -0.00183257
11 1 1 1.10627 -0.0017329
0 0 2 0.594284 -0.00222509
1 0 2 1.11292 -0.00265511
2 0 2 0.591302 -0.00224827
3 0 2 -1.40032 -0.000520053
4 0 2 -1.29228 -0.000626777
5 0 2 -0.640952 -0.00139125
6 0 2 0.770259 -0.00235428
7 0 2 0.665844 -0.00227941
8 0 2 -1.6518 -0.000299592
9 0 2 0.735126 -0.00234174
10 0 2 0.880699 -0.0014153
11 0 2 0.266413 -0.00193198
0 1 2 0.175589 -0.00187005
1 1 2 0.227269 -0.00190161
2 1 2 -1.79721 -0.000176453
3 1 2 0.647993 -0.00226122
4 1 2 0.418457 -0.00206165
5 1 2 0.581614 -0.00219864
6 1 2 -0.134106 -0.00165418
7 1 2 0.971001 -0.00252538
8 1 2 -1.8424 -0.000134689
9 1 2 -1.7486 -0.000244773
10 1 2 0.37074 -0.00203083
11 1 2 0.216343 -0.00188926
