Detector | Side | Skip | a_0 | a_1
 
0 0 0 1.36232 0.0141592
1 0 0 2.6688 0.012123
2 0 0 0.962292 0.0124083
3 0 0 -1.43458 0.0176689
4 0 0 -2.05264 0.0184608
5 0 0 -0.934739 0.0175608
6 0 0 -0.87242 0.0187989
7 0 0 -0.63741 0.0164696
8 0 0 -4.26735 0.0221159
9 0 0 -1.16914 0.0177896
10 0 0 1.61736 0.0150567
11 0 0 -0.797495 0.0177268
0 1 0 -0.283985 0.0152591
1 1 0 0.111281 0.014728
2 1 0 -1.50337 0.0171858
3 1 0 0.205641 0.0145431
4 1 0 -0.298448 0.0153587
5 1 0 -0.0294333 0.0147536
6 1 0 -0.973255 0.0170999
7 1 0 0.404139 0.0143174
8 1 0 -1.04787 0.0156036
9 1 0 -1.38202 0.0162044
10 1 0 0.0992702 0.0146184
11 1 0 0.0246099 0.0145443
0 0 1 -1.50448 0.00621995
1 0 1 1.6404 0.00107891
2 0 1 0.810155 -7.57578e-05
3 0 1 -0.587708 0.00285985
4 0 1 -1.28826 0.00483837
5 0 1 -1.28312 0.00477935
6 0 1 -0.730118 0.0046904
7 0 1 0.366807 0.00262455
8 0 1 -2.54583 0.00722445
9 0 1 0.124948 0.00323153
10 0 1 -1.29749 0.00657879
11 0 1 -0.254925 0.00369057
0 1 1 -0.0982645 0.00194246
1 1 1 -0.547436 0.00266158
2 1 1 -1.57038 0.00423841
3 1 1 -0.157952 0.0023942
4 1 1 -0.0218924 0.00196476
5 1 1 -0.200831 0.00256652
6 1 1 -1.06261 0.00412581
7 1 1 0.374862 0.00193521
8 1 1 -1.37933 0.00386398
9 1 1 -1.1633 0.00366598
10 1 1 0.239129 0.00144809
11 1 1 1.14731 -0.000178081
0 0 2 0.845351 -0.00108407
1 0 2 1.87988 -0.00296359
2 0 2 2.37732 -0.00416547
3 0 2 -0.950768 0.00163119
4 0 2 -1.1279 0.00206708
5 0 2 -1.55199 0.00330801
6 0 2 -0.776818 0.00282472
7 0 2 0.0910478 0.000495195
8 0 2 -3.33938 0.00587187
9 0 2 -0.00224676 0.00089782
10 0 2 5.70514 -0.00755022
11 0 2 -0.386524 0.00105587
0 1 2 -0.141422 0.000472245
1 1 2 0.102719 6.69597e-05
2 1 2 -1.3989 0.00242941
3 1 2 0.138866 0.000558057
4 1 2 -0.107211 0.000710667
5 1 2 -0.0719674 0.000892729
6 1 2 -1.74817 0.00361267
7 1 2 0.438651 0.000278211
8 1 2 -1.11519 0.00211732
9 1 2 -1.25291 0.00247109
10 1 2 0.12708 0.000206859
11 1 2 0.18261 -0.000272873
