CT dss 0 1 0 1.0019694172957516 -0.00010369277580006045
CT dss 0 2 0 1.0019694172957516 -0.00010369277580006045
CT dss 0 3 0 1.0019694172957516 -0.00010369277580006045
CT dss 0 4 0 1.0019694172957516 -0.00010369277580006045
CT dss 0 5 0 1.0019694172957516 -0.00010369277580006045
CT dss 0 6 0 1.0019694172957516 -0.00010369277580006045
CT dss 0 7 0 1.0019694172957516 -0.00010369277580006045
CT dss 0 8 0 1.0019694172957516 -0.00010369277580006045
CT dss 0 9 0 1.0019694172957516 -0.00010369277580006045
CT dss 0 10 0 1.0019694172957516 -0.00010369277580006045
CT dss 0 11 0 1.0019694172957516 -0.00010369277580006045
CT dss 0 12 0 1.0019694172957516 -0.00010369277580006045
CT dss 0 13 0 1.0019694172957516 -0.00010369277580006045
CT dss 0 14 0 1.0019694172957516 -0.00010369277580006045
CT dss 0 15 0 1.0019694172957516 -0.00010369277580006045
CT dss 0 16 0 1.0019694172957516 -0.00010369277580006045
CT dss 0 17 0 1.0019694172957516 -0.00010369277580006045
CT dss 0 18 0 1.0019694172957516 -0.00010369277580006045
CT dss 0 19 0 1.0019694172957516 -0.00010369277580006045
CT dss 0 20 0 1.0019694172957516 -0.00010369277580006045
CT dss 0 21 0 1.0019694172957516 -0.00010369277580006045
CT dss 0 22 0 1.0019694172957516 -0.00010369277580006045
CT dss 0 23 0 1.0019694172957516 -0.00010369277580006045
CT dss 0 24 0 1.0019694172957516 -0.00010369277580006045
CT dss 0 25 0 1.0019694172957516 -0.00010369277580006045
CT dss 0 26 0 1.0019694172957516 -0.00010369277580006045
CT dss 0 27 0 1.0019694172957516 -0.00010369277580006045
CT dss 0 28 0 1.0019694172957516 -0.00010369277580006045
CT dss 0 29 0 1.0019694172957516 -0.00010369277580006045
CT dss 0 30 0 1.0019694172957516 -0.00010369277580006045
CT dss 0 31 0 1.0019694172957516 -0.00010369277580006045
CT dss 0 32 0 1.0019694172957516 -0.00010369277580006045
CT dss 0 33 0 1.0019694172957516 -0.00010369277580006045
CT dss 0 34 0 1.0019694172957516 -0.00010369277580006045
CT dss 0 35 0 1.0019694172957516 -0.00010369277580006045
CT dss 0 36 0 1.0019694172957516 -0.00010369277580006045
CT dss 0 37 0 1.0019694172957516 -0.00010369277580006045
CT dss 0 1 1 1.0019694172957516 -0.00010369277580006045
CT dss 0 2 1 1.0019694172957516 -0.00010369277580006045
CT dss 0 3 1 1.0019694172957516 -0.00010369277580006045
CT dss 0 4 1 1.0019694172957516 -0.00010369277580006045
CT dss 0 5 1 1.0019694172957516 -0.00010369277580006045
CT dss 0 6 1 1.0019694172957516 -0.00010369277580006045
CT dss 0 7 1 1.0019694172957516 -0.00010369277580006045
CT dss 0 8 1 1.0019694172957516 -0.00010369277580006045
CT dss 0 9 1 1.0019694172957516 -0.00010369277580006045
CT dss 0 10 1 1.0019694172957516 -0.00010369277580006045
CT dss 0 11 1 1.0019694172957516 -0.00010369277580006045
CT dss 0 12 1 1.0019694172957516 -0.00010369277580006045
CT dss 0 13 1 1.0019694172957516 -0.00010369277580006045
CT dss 0 14 1 1.0019694172957516 -0.00010369277580006045
CT dss 0 15 1 1.0019694172957516 -0.00010369277580006045
CT dss 0 16 1 1.0019694172957516 -0.00010369277580006045
CT dss 0 17 1 1.0019694172957516 -0.00010369277580006045
CT dss 0 18 1 1.0019694172957516 -0.00010369277580006045
CT dss 0 19 1 1.0019694172957516 -0.00010369277580006045
CT dss 0 20 1 1.0019694172957516 -0.00010369277580006045
CT dss 0 21 1 1.0019694172957516 -0.00010369277580006045
CT dss 0 22 1 1.0019694172957516 -0.00010369277580006045
CT dss 0 23 1 1.0019694172957516 -0.00010369277580006045
CT dss 0 24 1 1.0019694172957516 -0.00010369277580006045
CT dss 0 25 1 1.0019694172957516 -0.00010369277580006045
CT dss 0 26 1 1.0019694172957516 -0.00010369277580006045
CT dss 0 27 1 1.0019694172957516 -0.00010369277580006045
CT dss 0 28 1 1.0019694172957516 -0.00010369277580006045
CT dss 0 29 1 1.0019694172957516 -0.00010369277580006045
CT dss 0 30 1 1.0019694172957516 -0.00010369277580006045
CT dss 0 31 1 1.0019694172957516 -0.00010369277580006045
CT dss 0 32 1 1.0019694172957516 -0.00010369277580006045
CT dss 0 33 1 1.0019694172957516 -0.00010369277580006045
CT dss 0 34 1 1.0019694172957516 -0.00010369277580006045
CT dss 0 35 1 1.0019694172957516 -0.00010369277580006045
CT dss 0 36 1 1.0019694172957516 -0.00010369277580006045
CT dss 0 37 1 1.0019694172957516 -0.00010369277580006045
CT dss 1 1 0 1.0019694172957516 -0.00010369277580006045
CT dss 1 2 0 1.0019694172957516 -0.00010369277580006045
CT dss 1 3 0 1.0019694172957516 -0.00010369277580006045
CT dss 1 4 0 1.0019694172957516 -0.00010369277580006045
CT dss 1 5 0 1.0019694172957516 -0.00010369277580006045
CT dss 1 6 0 1.0019694172957516 -0.00010369277580006045
CT dss 1 7 0 1.0019694172957516 -0.00010369277580006045
CT dss 1 8 0 1.0019694172957516 -0.00010369277580006045
CT dss 1 9 0 1.0019694172957516 -0.00010369277580006045
CT dss 1 10 0 1.0019694172957516 -0.00010369277580006045
CT dss 1 11 0 1.0019694172957516 -0.00010369277580006045
CT dss 1 12 0 1.0019694172957516 -0.00010369277580006045
CT dss 1 13 0 1.0019694172957516 -0.00010369277580006045
CT dss 1 14 0 1.0019694172957516 -0.00010369277580006045
CT dss 1 15 0 1.0019694172957516 -0.00010369277580006045
CT dss 1 16 0 1.0019694172957516 -0.00010369277580006045
CT dss 1 17 0 1.0019694172957516 -0.00010369277580006045
CT dss 1 18 0 1.0019694172957516 -0.00010369277580006045
CT dss 1 19 0 1.0019694172957516 -0.00010369277580006045
CT dss 1 20 0 1.0019694172957516 -0.00010369277580006045
CT dss 1 21 0 1.0019694172957516 -0.00010369277580006045
CT dss 1 22 0 1.0019694172957516 -0.00010369277580006045
CT dss 1 23 0 1.0019694172957516 -0.00010369277580006045
CT dss 1 24 0 1.0019694172957516 -0.00010369277580006045
CT dss 1 25 0 1.0019694172957516 -0.00010369277580006045
CT dss 1 26 0 1.0019694172957516 -0.00010369277580006045
CT dss 1 27 0 1.0019694172957516 -0.00010369277580006045
CT dss 1 28 0 1.0019694172957516 -0.00010369277580006045
CT dss 1 29 0 1.0019694172957516 -0.00010369277580006045
CT dss 1 30 0 1.0019694172957516 -0.00010369277580006045
CT dss 1 31 0 1.0019694172957516 -0.00010369277580006045
CT dss 1 32 0 1.0019694172957516 -0.00010369277580006045
CT dss 1 33 0 1.0019694172957516 -0.00010369277580006045
CT dss 1 34 0 1.0019694172957516 -0.00010369277580006045
CT dss 1 35 0 1.0019694172957516 -0.00010369277580006045
CT dss 1 36 0 1.0019694172957516 -0.00010369277580006045
CT dss 1 37 0 1.0019694172957516 -0.00010369277580006045
CT dss 1 1 1 1.0019694172957516 -0.00010369277580006045
CT dss 1 2 1 1.0019694172957516 -0.00010369277580006045
CT dss 1 3 1 1.0019694172957516 -0.00010369277580006045
CT dss 1 4 1 1.0019694172957516 -0.00010369277580006045
CT dss 1 5 1 1.0019694172957516 -0.00010369277580006045
CT dss 1 6 1 1.0019694172957516 -0.00010369277580006045
CT dss 1 7 1 1.0019694172957516 -0.00010369277580006045
CT dss 1 8 1 1.0019694172957516 -0.00010369277580006045
CT dss 1 9 1 1.0019694172957516 -0.00010369277580006045
CT dss 1 10 1 1.0019694172957516 -0.00010369277580006045
CT dss 1 11 1 1.0019694172957516 -0.00010369277580006045
CT dss 1 12 1 1.0019694172957516 -0.00010369277580006045
CT dss 1 13 1 1.0019694172957516 -0.00010369277580006045
CT dss 1 14 1 1.0019694172957516 -0.00010369277580006045
CT dss 1 15 1 1.0019694172957516 -0.00010369277580006045
CT dss 1 16 1 1.0019694172957516 -0.00010369277580006045
CT dss 1 17 1 1.0019694172957516 -0.00010369277580006045
CT dss 1 18 1 1.0019694172957516 -0.00010369277580006045
CT dss 1 19 1 1.0019694172957516 -0.00010369277580006045
CT dss 1 20 1 1.0019694172957516 -0.00010369277580006045
CT dss 1 21 1 1.0019694172957516 -0.00010369277580006045
CT dss 1 22 1 1.0019694172957516 -0.00010369277580006045
CT dss 1 23 1 1.0019694172957516 -0.00010369277580006045
CT dss 1 24 1 1.0019694172957516 -0.00010369277580006045
CT dss 1 25 1 1.0019694172957516 -0.00010369277580006045
CT dss 1 26 1 1.0019694172957516 -0.00010369277580006045
CT dss 1 27 1 1.0019694172957516 -0.00010369277580006045
CT dss 1 28 1 1.0019694172957516 -0.00010369277580006045
CT dss 1 29 1 1.0019694172957516 -0.00010369277580006045
CT dss 1 30 1 1.0019694172957516 -0.00010369277580006045
CT dss 1 31 1 1.0019694172957516 -0.00010369277580006045
CT dss 1 32 1 1.0019694172957516 -0.00010369277580006045
CT dss 1 33 1 1.0019694172957516 -0.00010369277580006045
CT dss 1 34 1 1.0019694172957516 -0.00010369277580006045
CT dss 1 35 1 1.0019694172957516 -0.00010369277580006045
CT dss 1 36 1 1.0019694172957516 -0.00010369277580006045
CT dss 1 37 1 1.0019694172957516 -0.00010369277580006045
CT dss 2 1 0 1.0019694172957516 -0.00010369277580006045
CT dss 2 2 0 1.0019694172957516 -0.00010369277580006045
CT dss 2 3 0 1.0019694172957516 -0.00010369277580006045
CT dss 2 4 0 1.0019694172957516 -0.00010369277580006045
CT dss 2 5 0 1.0019694172957516 -0.00010369277580006045
CT dss 2 6 0 1.0019694172957516 -0.00010369277580006045
CT dss 2 7 0 1.0019694172957516 -0.00010369277580006045
CT dss 2 8 0 1.0019694172957516 -0.00010369277580006045
CT dss 2 9 0 1.0019694172957516 -0.00010369277580006045
CT dss 2 10 0 1.0019694172957516 -0.00010369277580006045
CT dss 2 11 0 1.0019694172957516 -0.00010369277580006045
CT dss 2 12 0 1.0019694172957516 -0.00010369277580006045
CT dss 2 13 0 1.0019694172957516 -0.00010369277580006045
CT dss 2 14 0 1.0019694172957516 -0.00010369277580006045
CT dss 2 15 0 1.0019694172957516 -0.00010369277580006045
CT dss 2 16 0 1.0019694172957516 -0.00010369277580006045
CT dss 2 17 0 1.0019694172957516 -0.00010369277580006045
CT dss 2 18 0 1.0019694172957516 -0.00010369277580006045
CT dss 2 19 0 1.0019694172957516 -0.00010369277580006045
CT dss 2 20 0 1.0019694172957516 -0.00010369277580006045
CT dss 2 21 0 1.0019694172957516 -0.00010369277580006045
CT dss 2 22 0 1.0019694172957516 -0.00010369277580006045
CT dss 2 23 0 1.0019694172957516 -0.00010369277580006045
CT dss 2 24 0 1.0019694172957516 -0.00010369277580006045
CT dss 2 25 0 1.0019694172957516 -0.00010369277580006045
CT dss 2 26 0 1.0019694172957516 -0.00010369277580006045
CT dss 2 27 0 1.0019694172957516 -0.00010369277580006045
CT dss 2 28 0 1.0019694172957516 -0.00010369277580006045
CT dss 2 29 0 1.0019694172957516 -0.00010369277580006045
CT dss 2 30 0 1.0019694172957516 -0.00010369277580006045
CT dss 2 31 0 1.0019694172957516 -0.00010369277580006045
CT dss 2 32 0 1.0019694172957516 -0.00010369277580006045
CT dss 2 33 0 1.0019694172957516 -0.00010369277580006045
CT dss 2 34 0 1.0019694172957516 -0.00010369277580006045
CT dss 2 35 0 1.0019694172957516 -0.00010369277580006045
CT dss 2 36 0 1.0019694172957516 -0.00010369277580006045
CT dss 2 37 0 1.0019694172957516 -0.00010369277580006045
CT dss 2 1 1 1.0019694172957516 -0.00010369277580006045
CT dss 2 2 1 1.0019694172957516 -0.00010369277580006045
CT dss 2 3 1 1.0019694172957516 -0.00010369277580006045
CT dss 2 4 1 1.0019694172957516 -0.00010369277580006045
CT dss 2 5 1 1.0019694172957516 -0.00010369277580006045
CT dss 2 6 1 1.0019694172957516 -0.00010369277580006045
CT dss 2 7 1 1.0019694172957516 -0.00010369277580006045
CT dss 2 8 1 1.0019694172957516 -0.00010369277580006045
CT dss 2 9 1 1.0019694172957516 -0.00010369277580006045
CT dss 2 10 1 1.0019694172957516 -0.00010369277580006045
CT dss 2 11 1 1.0019694172957516 -0.00010369277580006045
CT dss 2 12 1 1.0019694172957516 -0.00010369277580006045
CT dss 2 13 1 1.0019694172957516 -0.00010369277580006045
CT dss 2 14 1 1.0019694172957516 -0.00010369277580006045
CT dss 2 15 1 1.0019694172957516 -0.00010369277580006045
CT dss 2 16 1 1.0019694172957516 -0.00010369277580006045
CT dss 2 17 1 1.0019694172957516 -0.00010369277580006045
CT dss 2 18 1 1.0019694172957516 -0.00010369277580006045
CT dss 2 19 1 1.0019694172957516 -0.00010369277580006045
CT dss 2 20 1 1.0019694172957516 -0.00010369277580006045
CT dss 2 21 1 1.0019694172957516 -0.00010369277580006045
CT dss 2 22 1 1.0019694172957516 -0.00010369277580006045
CT dss 2 23 1 1.0019694172957516 -0.00010369277580006045
CT dss 2 24 1 1.0019694172957516 -0.00010369277580006045
CT dss 2 25 1 1.0019694172957516 -0.00010369277580006045
CT dss 2 26 1 1.0019694172957516 -0.00010369277580006045
CT dss 2 27 1 1.0019694172957516 -0.00010369277580006045
CT dss 2 28 1 1.0019694172957516 -0.00010369277580006045
CT dss 2 29 1 1.0019694172957516 -0.00010369277580006045
CT dss 2 30 1 1.0019694172957516 -0.00010369277580006045
CT dss 2 31 1 1.0019694172957516 -0.00010369277580006045
CT dss 2 32 1 1.0019694172957516 -0.00010369277580006045
CT dss 2 33 1 1.0019694172957516 -0.00010369277580006045
CT dss 2 34 1 1.0019694172957516 -0.00010369277580006045
CT dss 2 35 1 1.0019694172957516 -0.00010369277580006045
CT dss 2 36 1 1.0019694172957516 -0.00010369277580006045
CT dss 2 37 1 1.0019694172957516 -0.00010369277580006045
CT dss 3 1 0 1.0019694172957516 -0.00010369277580006045
CT dss 3 2 0 1.0019694172957516 -0.00010369277580006045
CT dss 3 3 0 1.0019694172957516 -0.00010369277580006045
CT dss 3 4 0 1.0019694172957516 -0.00010369277580006045
CT dss 3 5 0 1.0019694172957516 -0.00010369277580006045
CT dss 3 6 0 1.0019694172957516 -0.00010369277580006045
CT dss 3 7 0 1.0019694172957516 -0.00010369277580006045
CT dss 3 8 0 1.0019694172957516 -0.00010369277580006045
CT dss 3 9 0 1.0019694172957516 -0.00010369277580006045
CT dss 3 10 0 1.0019694172957516 -0.00010369277580006045
CT dss 3 11 0 1.0019694172957516 -0.00010369277580006045
CT dss 3 12 0 1.0019694172957516 -0.00010369277580006045
CT dss 3 13 0 1.0019694172957516 -0.00010369277580006045
CT dss 3 14 0 1.0019694172957516 -0.00010369277580006045
CT dss 3 15 0 1.0019694172957516 -0.00010369277580006045
CT dss 3 16 0 1.0019694172957516 -0.00010369277580006045
CT dss 3 17 0 1.0019694172957516 -0.00010369277580006045
CT dss 3 18 0 1.0019694172957516 -0.00010369277580006045
CT dss 3 19 0 1.0019694172957516 -0.00010369277580006045
CT dss 3 20 0 1.0019694172957516 -0.00010369277580006045
CT dss 3 21 0 1.0019694172957516 -0.00010369277580006045
CT dss 3 22 0 1.0019694172957516 -0.00010369277580006045
CT dss 3 23 0 1.0019694172957516 -0.00010369277580006045
CT dss 3 24 0 1.0019694172957516 -0.00010369277580006045
CT dss 3 25 0 1.0019694172957516 -0.00010369277580006045
CT dss 3 26 0 1.0019694172957516 -0.00010369277580006045
CT dss 3 27 0 1.0019694172957516 -0.00010369277580006045
CT dss 3 28 0 1.0019694172957516 -0.00010369277580006045
CT dss 3 29 0 1.0019694172957516 -0.00010369277580006045
CT dss 3 30 0 1.0019694172957516 -0.00010369277580006045
CT dss 3 31 0 1.0019694172957516 -0.00010369277580006045
CT dss 3 32 0 1.0019694172957516 -0.00010369277580006045
CT dss 3 33 0 1.0019694172957516 -0.00010369277580006045
CT dss 3 34 0 1.0019694172957516 -0.00010369277580006045
CT dss 3 35 0 1.0019694172957516 -0.00010369277580006045
CT dss 3 36 0 1.0019694172957516 -0.00010369277580006045
CT dss 3 37 0 1.0019694172957516 -0.00010369277580006045
CT dss 3 1 1 1.0019694172957516 -0.00010369277580006045
CT dss 3 2 1 1.0019694172957516 -0.00010369277580006045
CT dss 3 3 1 1.0019694172957516 -0.00010369277580006045
CT dss 3 4 1 1.0019694172957516 -0.00010369277580006045
CT dss 3 5 1 1.0019694172957516 -0.00010369277580006045
CT dss 3 6 1 1.0019694172957516 -0.00010369277580006045
CT dss 3 7 1 1.0019694172957516 -0.00010369277580006045
CT dss 3 8 1 1.0019694172957516 -0.00010369277580006045
CT dss 3 9 1 1.0019694172957516 -0.00010369277580006045
CT dss 3 10 1 1.0019694172957516 -0.00010369277580006045
CT dss 3 11 1 1.0019694172957516 -0.00010369277580006045
CT dss 3 12 1 1.0019694172957516 -0.00010369277580006045
CT dss 3 13 1 1.0019694172957516 -0.00010369277580006045
CT dss 3 14 1 1.0019694172957516 -0.00010369277580006045
CT dss 3 15 1 1.0019694172957516 -0.00010369277580006045
CT dss 3 16 1 1.0019694172957516 -0.00010369277580006045
CT dss 3 17 1 1.0019694172957516 -0.00010369277580006045
CT dss 3 18 1 1.0019694172957516 -0.00010369277580006045
CT dss 3 19 1 1.0019694172957516 -0.00010369277580006045
CT dss 3 20 1 1.0019694172957516 -0.00010369277580006045
CT dss 3 21 1 1.0019694172957516 -0.00010369277580006045
CT dss 3 22 1 1.0019694172957516 -0.00010369277580006045
CT dss 3 23 1 1.0019694172957516 -0.00010369277580006045
CT dss 3 24 1 1.0019694172957516 -0.00010369277580006045
CT dss 3 25 1 1.0019694172957516 -0.00010369277580006045
CT dss 3 26 1 1.0019694172957516 -0.00010369277580006045
CT dss 3 27 1 1.0019694172957516 -0.00010369277580006045
CT dss 3 28 1 1.0019694172957516 -0.00010369277580006045
CT dss 3 29 1 1.0019694172957516 -0.00010369277580006045
CT dss 3 30 1 1.0019694172957516 -0.00010369277580006045
CT dss 3 31 1 1.0019694172957516 -0.00010369277580006045
CT dss 3 32 1 1.0019694172957516 -0.00010369277580006045
CT dss 3 33 1 1.0019694172957516 -0.00010369277580006045
CT dss 3 34 1 1.0019694172957516 -0.00010369277580006045
CT dss 3 35 1 1.0019694172957516 -0.00010369277580006045
CT dss 3 36 1 1.0019694172957516 -0.00010369277580006045
CT dss 3 37 1 1.0019694172957516 -0.00010369277580006045
CT dss 4 1 0 1.0019694172957516 -0.00010369277580006045
CT dss 4 2 0 1.0019694172957516 -0.00010369277580006045
CT dss 4 3 0 1.0019694172957516 -0.00010369277580006045
CT dss 4 4 0 1.0019694172957516 -0.00010369277580006045
CT dss 4 5 0 1.0019694172957516 -0.00010369277580006045
CT dss 4 6 0 1.0019694172957516 -0.00010369277580006045
CT dss 4 7 0 1.0019694172957516 -0.00010369277580006045
CT dss 4 8 0 1.0019694172957516 -0.00010369277580006045
CT dss 4 9 0 1.0019694172957516 -0.00010369277580006045
CT dss 4 10 0 1.0019694172957516 -0.00010369277580006045
CT dss 4 11 0 1.0019694172957516 -0.00010369277580006045
CT dss 4 12 0 1.0019694172957516 -0.00010369277580006045
CT dss 4 13 0 1.0019694172957516 -0.00010369277580006045
CT dss 4 14 0 1.0019694172957516 -0.00010369277580006045
CT dss 4 15 0 1.0019694172957516 -0.00010369277580006045
CT dss 4 16 0 1.0019694172957516 -0.00010369277580006045
CT dss 4 17 0 1.0019694172957516 -0.00010369277580006045
CT dss 4 18 0 1.0019694172957516 -0.00010369277580006045
CT dss 4 19 0 1.0019694172957516 -0.00010369277580006045
CT dss 4 20 0 1.0019694172957516 -0.00010369277580006045
CT dss 4 21 0 1.0019694172957516 -0.00010369277580006045
CT dss 4 22 0 1.0019694172957516 -0.00010369277580006045
CT dss 4 23 0 1.0019694172957516 -0.00010369277580006045
CT dss 4 24 0 1.0019694172957516 -0.00010369277580006045
CT dss 4 25 0 1.0019694172957516 -0.00010369277580006045
CT dss 4 26 0 1.0019694172957516 -0.00010369277580006045
CT dss 4 27 0 1.0019694172957516 -0.00010369277580006045
CT dss 4 28 0 1.0019694172957516 -0.00010369277580006045
CT dss 4 29 0 1.0019694172957516 -0.00010369277580006045
CT dss 4 30 0 1.0019694172957516 -0.00010369277580006045
CT dss 4 31 0 1.0019694172957516 -0.00010369277580006045
CT dss 4 32 0 1.0019694172957516 -0.00010369277580006045
CT dss 4 33 0 1.0019694172957516 -0.00010369277580006045
CT dss 4 34 0 1.0019694172957516 -0.00010369277580006045
CT dss 4 35 0 1.0019694172957516 -0.00010369277580006045
CT dss 4 36 0 1.0019694172957516 -0.00010369277580006045
CT dss 4 37 0 1.0019694172957516 -0.00010369277580006045
CT dss 4 1 1 1.0019694172957516 -0.00010369277580006045
CT dss 4 2 1 1.0019694172957516 -0.00010369277580006045
CT dss 4 3 1 1.0019694172957516 -0.00010369277580006045
CT dss 4 4 1 1.0019694172957516 -0.00010369277580006045
CT dss 4 5 1 1.0019694172957516 -0.00010369277580006045
CT dss 4 6 1 1.0019694172957516 -0.00010369277580006045
CT dss 4 7 1 1.0019694172957516 -0.00010369277580006045
CT dss 4 8 1 1.0019694172957516 -0.00010369277580006045
CT dss 4 9 1 1.0019694172957516 -0.00010369277580006045
CT dss 4 10 1 1.0019694172957516 -0.00010369277580006045
CT dss 4 11 1 1.0019694172957516 -0.00010369277580006045
CT dss 4 12 1 1.0019694172957516 -0.00010369277580006045
CT dss 4 13 1 1.0019694172957516 -0.00010369277580006045
CT dss 4 14 1 1.0019694172957516 -0.00010369277580006045
CT dss 4 15 1 1.0019694172957516 -0.00010369277580006045
CT dss 4 16 1 1.0019694172957516 -0.00010369277580006045
CT dss 4 17 1 1.0019694172957516 -0.00010369277580006045
CT dss 4 18 1 1.0019694172957516 -0.00010369277580006045
CT dss 4 19 1 1.0019694172957516 -0.00010369277580006045
CT dss 4 20 1 1.0019694172957516 -0.00010369277580006045
CT dss 4 21 1 1.0019694172957516 -0.00010369277580006045
CT dss 4 22 1 1.0019694172957516 -0.00010369277580006045
CT dss 4 23 1 1.0019694172957516 -0.00010369277580006045
CT dss 4 24 1 1.0019694172957516 -0.00010369277580006045
CT dss 4 25 1 1.0019694172957516 -0.00010369277580006045
CT dss 4 26 1 1.0019694172957516 -0.00010369277580006045
CT dss 4 27 1 1.0019694172957516 -0.00010369277580006045
CT dss 4 28 1 1.0019694172957516 -0.00010369277580006045
CT dss 4 29 1 1.0019694172957516 -0.00010369277580006045
CT dss 4 30 1 1.0019694172957516 -0.00010369277580006045
CT dss 4 31 1 1.0019694172957516 -0.00010369277580006045
CT dss 4 32 1 1.0019694172957516 -0.00010369277580006045
CT dss 4 33 1 1.0019694172957516 -0.00010369277580006045
CT dss 4 34 1 1.0019694172957516 -0.00010369277580006045
CT dss 4 35 1 1.0019694172957516 -0.00010369277580006045
CT dss 4 36 1 1.0019694172957516 -0.00010369277580006045
CT dss 4 37 1 1.0019694172957516 -0.00010369277580006045
CT dss 5 1 0 1.0019694172957516 -0.00010369277580006045
CT dss 5 2 0 1.0019694172957516 -0.00010369277580006045
CT dss 5 3 0 1.0019694172957516 -0.00010369277580006045
CT dss 5 4 0 1.0019694172957516 -0.00010369277580006045
CT dss 5 5 0 1.0019694172957516 -0.00010369277580006045
CT dss 5 6 0 1.0019694172957516 -0.00010369277580006045
CT dss 5 7 0 1.0019694172957516 -0.00010369277580006045
CT dss 5 8 0 1.0019694172957516 -0.00010369277580006045
CT dss 5 9 0 1.0019694172957516 -0.00010369277580006045
CT dss 5 10 0 1.0019694172957516 -0.00010369277580006045
CT dss 5 11 0 1.0019694172957516 -0.00010369277580006045
CT dss 5 12 0 1.0019694172957516 -0.00010369277580006045
CT dss 5 13 0 1.0019694172957516 -0.00010369277580006045
CT dss 5 14 0 1.0019694172957516 -0.00010369277580006045
CT dss 5 15 0 1.0019694172957516 -0.00010369277580006045
CT dss 5 16 0 1.0019694172957516 -0.00010369277580006045
CT dss 5 17 0 1.0019694172957516 -0.00010369277580006045
CT dss 5 18 0 1.0019694172957516 -0.00010369277580006045
CT dss 5 19 0 1.0019694172957516 -0.00010369277580006045
CT dss 5 20 0 1.0019694172957516 -0.00010369277580006045
CT dss 5 21 0 1.0019694172957516 -0.00010369277580006045
CT dss 5 22 0 1.0019694172957516 -0.00010369277580006045
CT dss 5 23 0 1.0019694172957516 -0.00010369277580006045
CT dss 5 24 0 1.0019694172957516 -0.00010369277580006045
CT dss 5 25 0 1.0019694172957516 -0.00010369277580006045
CT dss 5 26 0 1.0019694172957516 -0.00010369277580006045
CT dss 5 27 0 1.0019694172957516 -0.00010369277580006045
CT dss 5 28 0 1.0019694172957516 -0.00010369277580006045
CT dss 5 29 0 1.0019694172957516 -0.00010369277580006045
CT dss 5 30 0 1.0019694172957516 -0.00010369277580006045
CT dss 5 31 0 1.0019694172957516 -0.00010369277580006045
CT dss 5 32 0 1.0019694172957516 -0.00010369277580006045
CT dss 5 33 0 1.0019694172957516 -0.00010369277580006045
CT dss 5 34 0 1.0019694172957516 -0.00010369277580006045
CT dss 5 35 0 1.0019694172957516 -0.00010369277580006045
CT dss 5 36 0 1.0019694172957516 -0.00010369277580006045
CT dss 5 37 0 1.0019694172957516 -0.00010369277580006045
CT dss 5 1 1 1.0019694172957516 -0.00010369277580006045
CT dss 5 2 1 1.0019694172957516 -0.00010369277580006045
CT dss 5 3 1 1.0019694172957516 -0.00010369277580006045
CT dss 5 4 1 1.0019694172957516 -0.00010369277580006045
CT dss 5 5 1 1.0019694172957516 -0.00010369277580006045
CT dss 5 6 1 1.0019694172957516 -0.00010369277580006045
CT dss 5 7 1 1.0019694172957516 -0.00010369277580006045
CT dss 5 8 1 1.0019694172957516 -0.00010369277580006045
CT dss 5 9 1 1.0019694172957516 -0.00010369277580006045
CT dss 5 10 1 1.0019694172957516 -0.00010369277580006045
CT dss 5 11 1 1.0019694172957516 -0.00010369277580006045
CT dss 5 12 1 1.0019694172957516 -0.00010369277580006045
CT dss 5 13 1 1.0019694172957516 -0.00010369277580006045
CT dss 5 14 1 1.0019694172957516 -0.00010369277580006045
CT dss 5 15 1 1.0019694172957516 -0.00010369277580006045
CT dss 5 16 1 1.0019694172957516 -0.00010369277580006045
CT dss 5 17 1 1.0019694172957516 -0.00010369277580006045
CT dss 5 18 1 1.0019694172957516 -0.00010369277580006045
CT dss 5 19 1 1.0019694172957516 -0.00010369277580006045
CT dss 5 20 1 1.0019694172957516 -0.00010369277580006045
CT dss 5 21 1 1.0019694172957516 -0.00010369277580006045
CT dss 5 22 1 1.0019694172957516 -0.00010369277580006045
CT dss 5 23 1 1.0019694172957516 -0.00010369277580006045
CT dss 5 24 1 1.0019694172957516 -0.00010369277580006045
CT dss 5 25 1 1.0019694172957516 -0.00010369277580006045
CT dss 5 26 1 1.0019694172957516 -0.00010369277580006045
CT dss 5 27 1 1.0019694172957516 -0.00010369277580006045
CT dss 5 28 1 1.0019694172957516 -0.00010369277580006045
CT dss 5 29 1 1.0019694172957516 -0.00010369277580006045
CT dss 5 30 1 1.0019694172957516 -0.00010369277580006045
CT dss 5 31 1 1.0019694172957516 -0.00010369277580006045
CT dss 5 32 1 1.0019694172957516 -0.00010369277580006045
CT dss 5 33 1 1.0019694172957516 -0.00010369277580006045
CT dss 5 34 1 1.0019694172957516 -0.00010369277580006045
CT dss 5 35 1 1.0019694172957516 -0.00010369277580006045
CT dss 5 36 1 1.0019694172957516 -0.00010369277580006045
CT dss 5 37 1 1.0019694172957516 -0.00010369277580006045
CT dss 6 1 0 1.0019694172957516 -0.00010369277580006045
CT dss 6 2 0 1.0019694172957516 -0.00010369277580006045
CT dss 6 3 0 1.0019694172957516 -0.00010369277580006045
CT dss 6 4 0 1.0019694172957516 -0.00010369277580006045
CT dss 6 5 0 1.0019694172957516 -0.00010369277580006045
CT dss 6 6 0 1.0019694172957516 -0.00010369277580006045
CT dss 6 7 0 1.0019694172957516 -0.00010369277580006045
CT dss 6 8 0 1.0019694172957516 -0.00010369277580006045
CT dss 6 9 0 1.0019694172957516 -0.00010369277580006045
CT dss 6 10 0 1.0019694172957516 -0.00010369277580006045
CT dss 6 11 0 1.0019694172957516 -0.00010369277580006045
CT dss 6 12 0 1.0019694172957516 -0.00010369277580006045
CT dss 6 13 0 1.0019694172957516 -0.00010369277580006045
CT dss 6 14 0 1.0019694172957516 -0.00010369277580006045
CT dss 6 15 0 1.0019694172957516 -0.00010369277580006045
CT dss 6 16 0 1.0019694172957516 -0.00010369277580006045
CT dss 6 17 0 1.0019694172957516 -0.00010369277580006045
CT dss 6 18 0 1.0019694172957516 -0.00010369277580006045
CT dss 6 19 0 1.0019694172957516 -0.00010369277580006045
CT dss 6 20 0 1.0019694172957516 -0.00010369277580006045
CT dss 6 21 0 1.0019694172957516 -0.00010369277580006045
CT dss 6 22 0 1.0019694172957516 -0.00010369277580006045
CT dss 6 23 0 1.0019694172957516 -0.00010369277580006045
CT dss 6 24 0 1.0019694172957516 -0.00010369277580006045
CT dss 6 25 0 1.0019694172957516 -0.00010369277580006045
CT dss 6 26 0 1.0019694172957516 -0.00010369277580006045
CT dss 6 27 0 1.0019694172957516 -0.00010369277580006045
CT dss 6 28 0 1.0019694172957516 -0.00010369277580006045
CT dss 6 29 0 1.0019694172957516 -0.00010369277580006045
CT dss 6 30 0 1.0019694172957516 -0.00010369277580006045
CT dss 6 31 0 1.0019694172957516 -0.00010369277580006045
CT dss 6 32 0 1.0019694172957516 -0.00010369277580006045
CT dss 6 33 0 1.0019694172957516 -0.00010369277580006045
CT dss 6 34 0 1.0019694172957516 -0.00010369277580006045
CT dss 6 35 0 1.0019694172957516 -0.00010369277580006045
CT dss 6 36 0 1.0019694172957516 -0.00010369277580006045
CT dss 6 37 0 1.0019694172957516 -0.00010369277580006045
CT dss 6 1 1 1.0019694172957516 -0.00010369277580006045
CT dss 6 2 1 1.0019694172957516 -0.00010369277580006045
CT dss 6 3 1 1.0019694172957516 -0.00010369277580006045
CT dss 6 4 1 1.0019694172957516 -0.00010369277580006045
CT dss 6 5 1 1.0019694172957516 -0.00010369277580006045
CT dss 6 6 1 1.0019694172957516 -0.00010369277580006045
CT dss 6 7 1 1.0019694172957516 -0.00010369277580006045
CT dss 6 8 1 1.0019694172957516 -0.00010369277580006045
CT dss 6 9 1 1.0019694172957516 -0.00010369277580006045
CT dss 6 10 1 1.0019694172957516 -0.00010369277580006045
CT dss 6 11 1 1.0019694172957516 -0.00010369277580006045
CT dss 6 12 1 1.0019694172957516 -0.00010369277580006045
CT dss 6 13 1 1.0019694172957516 -0.00010369277580006045
CT dss 6 14 1 1.0019694172957516 -0.00010369277580006045
CT dss 6 15 1 1.0019694172957516 -0.00010369277580006045
CT dss 6 16 1 1.0019694172957516 -0.00010369277580006045
CT dss 6 17 1 1.0019694172957516 -0.00010369277580006045
CT dss 6 18 1 1.0019694172957516 -0.00010369277580006045
CT dss 6 19 1 1.0019694172957516 -0.00010369277580006045
CT dss 6 20 1 1.0019694172957516 -0.00010369277580006045
CT dss 6 21 1 1.0019694172957516 -0.00010369277580006045
CT dss 6 22 1 1.0019694172957516 -0.00010369277580006045
CT dss 6 23 1 1.0019694172957516 -0.00010369277580006045
CT dss 6 24 1 1.0019694172957516 -0.00010369277580006045
CT dss 6 25 1 1.0019694172957516 -0.00010369277580006045
CT dss 6 26 1 1.0019694172957516 -0.00010369277580006045
CT dss 6 27 1 1.0019694172957516 -0.00010369277580006045
CT dss 6 28 1 1.0019694172957516 -0.00010369277580006045
CT dss 6 29 1 1.0019694172957516 -0.00010369277580006045
CT dss 6 30 1 1.0019694172957516 -0.00010369277580006045
CT dss 6 31 1 1.0019694172957516 -0.00010369277580006045
CT dss 6 32 1 1.0019694172957516 -0.00010369277580006045
CT dss 6 33 1 1.0019694172957516 -0.00010369277580006045
CT dss 6 34 1 1.0019694172957516 -0.00010369277580006045
CT dss 6 35 1 1.0019694172957516 -0.00010369277580006045
CT dss 6 36 1 1.0019694172957516 -0.00010369277580006045
CT dss 6 37 1 1.0019694172957516 -0.00010369277580006045
CT dss 7 1 0 1.0019694172957516 -0.00010369277580006045
CT dss 7 2 0 1.0019694172957516 -0.00010369277580006045
CT dss 7 3 0 1.0019694172957516 -0.00010369277580006045
CT dss 7 4 0 1.0019694172957516 -0.00010369277580006045
CT dss 7 5 0 1.0019694172957516 -0.00010369277580006045
CT dss 7 6 0 1.0019694172957516 -0.00010369277580006045
CT dss 7 7 0 1.0019694172957516 -0.00010369277580006045
CT dss 7 8 0 1.0019694172957516 -0.00010369277580006045
CT dss 7 9 0 1.0019694172957516 -0.00010369277580006045
CT dss 7 10 0 1.0019694172957516 -0.00010369277580006045
CT dss 7 11 0 1.0019694172957516 -0.00010369277580006045
CT dss 7 12 0 1.0019694172957516 -0.00010369277580006045
CT dss 7 13 0 1.0019694172957516 -0.00010369277580006045
CT dss 7 14 0 1.0019694172957516 -0.00010369277580006045
CT dss 7 15 0 1.0019694172957516 -0.00010369277580006045
CT dss 7 16 0 1.0019694172957516 -0.00010369277580006045
CT dss 7 17 0 1.0019694172957516 -0.00010369277580006045
CT dss 7 18 0 1.0019694172957516 -0.00010369277580006045
CT dss 7 19 0 1.0019694172957516 -0.00010369277580006045
CT dss 7 20 0 1.0019694172957516 -0.00010369277580006045
CT dss 7 21 0 1.0019694172957516 -0.00010369277580006045
CT dss 7 22 0 1.0019694172957516 -0.00010369277580006045
CT dss 7 23 0 1.0019694172957516 -0.00010369277580006045
CT dss 7 24 0 1.0019694172957516 -0.00010369277580006045
CT dss 7 25 0 1.0019694172957516 -0.00010369277580006045
CT dss 7 26 0 1.0019694172957516 -0.00010369277580006045
CT dss 7 27 0 1.0019694172957516 -0.00010369277580006045
CT dss 7 28 0 1.0019694172957516 -0.00010369277580006045
CT dss 7 29 0 1.0019694172957516 -0.00010369277580006045
CT dss 7 30 0 1.0019694172957516 -0.00010369277580006045
CT dss 7 31 0 1.0019694172957516 -0.00010369277580006045
CT dss 7 32 0 1.0019694172957516 -0.00010369277580006045
CT dss 7 33 0 1.0019694172957516 -0.00010369277580006045
CT dss 7 34 0 1.0019694172957516 -0.00010369277580006045
CT dss 7 35 0 1.0019694172957516 -0.00010369277580006045
CT dss 7 36 0 1.0019694172957516 -0.00010369277580006045
CT dss 7 37 0 1.0019694172957516 -0.00010369277580006045
CT dss 7 1 1 1.0019694172957516 -0.00010369277580006045
CT dss 7 2 1 1.0019694172957516 -0.00010369277580006045
CT dss 7 3 1 1.0019694172957516 -0.00010369277580006045
CT dss 7 4 1 1.0019694172957516 -0.00010369277580006045
CT dss 7 5 1 1.0019694172957516 -0.00010369277580006045
CT dss 7 6 1 1.0019694172957516 -0.00010369277580006045
CT dss 7 7 1 1.0019694172957516 -0.00010369277580006045
CT dss 7 8 1 1.0019694172957516 -0.00010369277580006045
CT dss 7 9 1 1.0019694172957516 -0.00010369277580006045
CT dss 7 10 1 1.0019694172957516 -0.00010369277580006045
CT dss 7 11 1 1.0019694172957516 -0.00010369277580006045
CT dss 7 12 1 1.0019694172957516 -0.00010369277580006045
CT dss 7 13 1 1.0019694172957516 -0.00010369277580006045
CT dss 7 14 1 1.0019694172957516 -0.00010369277580006045
CT dss 7 15 1 1.0019694172957516 -0.00010369277580006045
CT dss 7 16 1 1.0019694172957516 -0.00010369277580006045
CT dss 7 17 1 1.0019694172957516 -0.00010369277580006045
CT dss 7 18 1 1.0019694172957516 -0.00010369277580006045
CT dss 7 19 1 1.0019694172957516 -0.00010369277580006045
CT dss 7 20 1 1.0019694172957516 -0.00010369277580006045
CT dss 7 21 1 1.0019694172957516 -0.00010369277580006045
CT dss 7 22 1 1.0019694172957516 -0.00010369277580006045
CT dss 7 23 1 1.0019694172957516 -0.00010369277580006045
CT dss 7 24 1 1.0019694172957516 -0.00010369277580006045
CT dss 7 25 1 1.0019694172957516 -0.00010369277580006045
CT dss 7 26 1 1.0019694172957516 -0.00010369277580006045
CT dss 7 27 1 1.0019694172957516 -0.00010369277580006045
CT dss 7 28 1 1.0019694172957516 -0.00010369277580006045
CT dss 7 29 1 1.0019694172957516 -0.00010369277580006045
CT dss 7 30 1 1.0019694172957516 -0.00010369277580006045
CT dss 7 31 1 1.0019694172957516 -0.00010369277580006045
CT dss 7 32 1 1.0019694172957516 -0.00010369277580006045
CT dss 7 33 1 1.0019694172957516 -0.00010369277580006045
CT dss 7 34 1 1.0019694172957516 -0.00010369277580006045
CT dss 7 35 1 1.0019694172957516 -0.00010369277580006045
CT dss 7 36 1 1.0019694172957516 -0.00010369277580006045
CT dss 7 37 1 1.0019694172957516 -0.00010369277580006045
CT dss 8 1 0 1.0019694172957516 -0.00010369277580006045
CT dss 8 2 0 1.0019694172957516 -0.00010369277580006045
CT dss 8 3 0 1.0019694172957516 -0.00010369277580006045
CT dss 8 4 0 1.0019694172957516 -0.00010369277580006045
CT dss 8 5 0 1.0019694172957516 -0.00010369277580006045
CT dss 8 6 0 1.0019694172957516 -0.00010369277580006045
CT dss 8 7 0 1.0019694172957516 -0.00010369277580006045
CT dss 8 8 0 1.0019694172957516 -0.00010369277580006045
CT dss 8 9 0 1.0019694172957516 -0.00010369277580006045
CT dss 8 10 0 1.0019694172957516 -0.00010369277580006045
CT dss 8 11 0 1.0019694172957516 -0.00010369277580006045
CT dss 8 12 0 1.0019694172957516 -0.00010369277580006045
CT dss 8 13 0 1.0019694172957516 -0.00010369277580006045
CT dss 8 14 0 1.0019694172957516 -0.00010369277580006045
CT dss 8 15 0 1.0019694172957516 -0.00010369277580006045
CT dss 8 16 0 1.0019694172957516 -0.00010369277580006045
CT dss 8 17 0 1.0019694172957516 -0.00010369277580006045
CT dss 8 18 0 1.0019694172957516 -0.00010369277580006045
CT dss 8 19 0 1.0019694172957516 -0.00010369277580006045
CT dss 8 20 0 1.0019694172957516 -0.00010369277580006045
CT dss 8 21 0 1.0019694172957516 -0.00010369277580006045
CT dss 8 22 0 1.0019694172957516 -0.00010369277580006045
CT dss 8 23 0 1.0019694172957516 -0.00010369277580006045
CT dss 8 24 0 1.0019694172957516 -0.00010369277580006045
CT dss 8 25 0 1.0019694172957516 -0.00010369277580006045
CT dss 8 26 0 1.0019694172957516 -0.00010369277580006045
CT dss 8 27 0 1.0019694172957516 -0.00010369277580006045
CT dss 8 28 0 1.0019694172957516 -0.00010369277580006045
CT dss 8 29 0 1.0019694172957516 -0.00010369277580006045
CT dss 8 30 0 1.0019694172957516 -0.00010369277580006045
CT dss 8 31 0 1.0019694172957516 -0.00010369277580006045
CT dss 8 32 0 1.0019694172957516 -0.00010369277580006045
CT dss 8 33 0 1.0019694172957516 -0.00010369277580006045
CT dss 8 34 0 1.0019694172957516 -0.00010369277580006045
CT dss 8 35 0 1.0019694172957516 -0.00010369277580006045
CT dss 8 36 0 1.0019694172957516 -0.00010369277580006045
CT dss 8 37 0 1.0019694172957516 -0.00010369277580006045
CT dss 8 1 1 1.0019694172957516 -0.00010369277580006045
CT dss 8 2 1 1.0019694172957516 -0.00010369277580006045
CT dss 8 3 1 1.0019694172957516 -0.00010369277580006045
CT dss 8 4 1 1.0019694172957516 -0.00010369277580006045
CT dss 8 5 1 1.0019694172957516 -0.00010369277580006045
CT dss 8 6 1 1.0019694172957516 -0.00010369277580006045
CT dss 8 7 1 1.0019694172957516 -0.00010369277580006045
CT dss 8 8 1 1.0019694172957516 -0.00010369277580006045
CT dss 8 9 1 1.0019694172957516 -0.00010369277580006045
CT dss 8 10 1 1.0019694172957516 -0.00010369277580006045
CT dss 8 11 1 1.0019694172957516 -0.00010369277580006045
CT dss 8 12 1 1.0019694172957516 -0.00010369277580006045
CT dss 8 13 1 1.0019694172957516 -0.00010369277580006045
CT dss 8 14 1 1.0019694172957516 -0.00010369277580006045
CT dss 8 15 1 1.0019694172957516 -0.00010369277580006045
CT dss 8 16 1 1.0019694172957516 -0.00010369277580006045
CT dss 8 17 1 1.0019694172957516 -0.00010369277580006045
CT dss 8 18 1 1.0019694172957516 -0.00010369277580006045
CT dss 8 19 1 1.0019694172957516 -0.00010369277580006045
CT dss 8 20 1 1.0019694172957516 -0.00010369277580006045
CT dss 8 21 1 1.0019694172957516 -0.00010369277580006045
CT dss 8 22 1 1.0019694172957516 -0.00010369277580006045
CT dss 8 23 1 1.0019694172957516 -0.00010369277580006045
CT dss 8 24 1 1.0019694172957516 -0.00010369277580006045
CT dss 8 25 1 1.0019694172957516 -0.00010369277580006045
CT dss 8 26 1 1.0019694172957516 -0.00010369277580006045
CT dss 8 27 1 1.0019694172957516 -0.00010369277580006045
CT dss 8 28 1 1.0019694172957516 -0.00010369277580006045
CT dss 8 29 1 1.0019694172957516 -0.00010369277580006045
CT dss 8 30 1 1.0019694172957516 -0.00010369277580006045
CT dss 8 31 1 1.0019694172957516 -0.00010369277580006045
CT dss 8 32 1 1.0019694172957516 -0.00010369277580006045
CT dss 8 33 1 1.0019694172957516 -0.00010369277580006045
CT dss 8 34 1 1.0019694172957516 -0.00010369277580006045
CT dss 8 35 1 1.0019694172957516 -0.00010369277580006045
CT dss 8 36 1 1.0019694172957516 -0.00010369277580006045
CT dss 8 37 1 1.0019694172957516 -0.00010369277580006045
CT dss 9 1 0 1.0019694172957516 -0.00010369277580006045
CT dss 9 2 0 1.0019694172957516 -0.00010369277580006045
CT dss 9 3 0 1.0019694172957516 -0.00010369277580006045
CT dss 9 4 0 1.0019694172957516 -0.00010369277580006045
CT dss 9 5 0 1.0019694172957516 -0.00010369277580006045
CT dss 9 6 0 1.0019694172957516 -0.00010369277580006045
CT dss 9 7 0 1.0019694172957516 -0.00010369277580006045
CT dss 9 8 0 1.0019694172957516 -0.00010369277580006045
CT dss 9 9 0 1.0019694172957516 -0.00010369277580006045
CT dss 9 10 0 1.0019694172957516 -0.00010369277580006045
CT dss 9 11 0 1.0019694172957516 -0.00010369277580006045
CT dss 9 12 0 1.0019694172957516 -0.00010369277580006045
CT dss 9 13 0 1.0019694172957516 -0.00010369277580006045
CT dss 9 14 0 1.0019694172957516 -0.00010369277580006045
CT dss 9 15 0 1.0019694172957516 -0.00010369277580006045
CT dss 9 16 0 1.0019694172957516 -0.00010369277580006045
CT dss 9 17 0 1.0019694172957516 -0.00010369277580006045
CT dss 9 18 0 1.0019694172957516 -0.00010369277580006045
CT dss 9 19 0 1.0019694172957516 -0.00010369277580006045
CT dss 9 20 0 1.0019694172957516 -0.00010369277580006045
CT dss 9 21 0 1.0019694172957516 -0.00010369277580006045
CT dss 9 22 0 1.0019694172957516 -0.00010369277580006045
CT dss 9 23 0 1.0019694172957516 -0.00010369277580006045
CT dss 9 24 0 1.0019694172957516 -0.00010369277580006045
CT dss 9 25 0 1.0019694172957516 -0.00010369277580006045
CT dss 9 26 0 1.0019694172957516 -0.00010369277580006045
CT dss 9 27 0 1.0019694172957516 -0.00010369277580006045
CT dss 9 28 0 1.0019694172957516 -0.00010369277580006045
CT dss 9 29 0 1.0019694172957516 -0.00010369277580006045
CT dss 9 30 0 1.0019694172957516 -0.00010369277580006045
CT dss 9 31 0 1.0019694172957516 -0.00010369277580006045
CT dss 9 32 0 1.0019694172957516 -0.00010369277580006045
CT dss 9 33 0 1.0019694172957516 -0.00010369277580006045
CT dss 9 34 0 1.0019694172957516 -0.00010369277580006045
CT dss 9 35 0 1.0019694172957516 -0.00010369277580006045
CT dss 9 36 0 1.0019694172957516 -0.00010369277580006045
CT dss 9 37 0 1.0019694172957516 -0.00010369277580006045
CT dss 9 1 1 1.0019694172957516 -0.00010369277580006045
CT dss 9 2 1 1.0019694172957516 -0.00010369277580006045
CT dss 9 3 1 1.0019694172957516 -0.00010369277580006045
CT dss 9 4 1 1.0019694172957516 -0.00010369277580006045
CT dss 9 5 1 1.0019694172957516 -0.00010369277580006045
CT dss 9 6 1 1.0019694172957516 -0.00010369277580006045
CT dss 9 7 1 1.0019694172957516 -0.00010369277580006045
CT dss 9 8 1 1.0019694172957516 -0.00010369277580006045
CT dss 9 9 1 1.0019694172957516 -0.00010369277580006045
CT dss 9 10 1 1.0019694172957516 -0.00010369277580006045
CT dss 9 11 1 1.0019694172957516 -0.00010369277580006045
CT dss 9 12 1 1.0019694172957516 -0.00010369277580006045
CT dss 9 13 1 1.0019694172957516 -0.00010369277580006045
CT dss 9 14 1 1.0019694172957516 -0.00010369277580006045
CT dss 9 15 1 1.0019694172957516 -0.00010369277580006045
CT dss 9 16 1 1.0019694172957516 -0.00010369277580006045
CT dss 9 17 1 1.0019694172957516 -0.00010369277580006045
CT dss 9 18 1 1.0019694172957516 -0.00010369277580006045
CT dss 9 19 1 1.0019694172957516 -0.00010369277580006045
CT dss 9 20 1 1.0019694172957516 -0.00010369277580006045
CT dss 9 21 1 1.0019694172957516 -0.00010369277580006045
CT dss 9 22 1 1.0019694172957516 -0.00010369277580006045
CT dss 9 23 1 1.0019694172957516 -0.00010369277580006045
CT dss 9 24 1 1.0019694172957516 -0.00010369277580006045
CT dss 9 25 1 1.0019694172957516 -0.00010369277580006045
CT dss 9 26 1 1.0019694172957516 -0.00010369277580006045
CT dss 9 27 1 1.0019694172957516 -0.00010369277580006045
CT dss 9 28 1 1.0019694172957516 -0.00010369277580006045
CT dss 9 29 1 1.0019694172957516 -0.00010369277580006045
CT dss 9 30 1 1.0019694172957516 -0.00010369277580006045
CT dss 9 31 1 1.0019694172957516 -0.00010369277580006045
CT dss 9 32 1 1.0019694172957516 -0.00010369277580006045
CT dss 9 33 1 1.0019694172957516 -0.00010369277580006045
CT dss 9 34 1 1.0019694172957516 -0.00010369277580006045
CT dss 9 35 1 1.0019694172957516 -0.00010369277580006045
CT dss 9 36 1 1.0019694172957516 -0.00010369277580006045
CT dss 9 37 1 1.0019694172957516 -0.00010369277580006045
CT dss 10 1 0 1.0019694172957516 -0.00010369277580006045
CT dss 10 2 0 1.0019694172957516 -0.00010369277580006045
CT dss 10 3 0 1.0019694172957516 -0.00010369277580006045
CT dss 10 4 0 1.0019694172957516 -0.00010369277580006045
CT dss 10 5 0 1.0019694172957516 -0.00010369277580006045
CT dss 10 6 0 1.0019694172957516 -0.00010369277580006045
CT dss 10 7 0 1.0019694172957516 -0.00010369277580006045
CT dss 10 8 0 1.0019694172957516 -0.00010369277580006045
CT dss 10 9 0 1.0019694172957516 -0.00010369277580006045
CT dss 10 10 0 1.0019694172957516 -0.00010369277580006045
CT dss 10 11 0 1.0019694172957516 -0.00010369277580006045
CT dss 10 12 0 1.0019694172957516 -0.00010369277580006045
CT dss 10 13 0 1.0019694172957516 -0.00010369277580006045
CT dss 10 14 0 1.0019694172957516 -0.00010369277580006045
CT dss 10 15 0 1.0019694172957516 -0.00010369277580006045
CT dss 10 16 0 1.0019694172957516 -0.00010369277580006045
CT dss 10 17 0 1.0019694172957516 -0.00010369277580006045
CT dss 10 18 0 1.0019694172957516 -0.00010369277580006045
CT dss 10 19 0 1.0019694172957516 -0.00010369277580006045
CT dss 10 20 0 1.0019694172957516 -0.00010369277580006045
CT dss 10 21 0 1.0019694172957516 -0.00010369277580006045
CT dss 10 22 0 1.0019694172957516 -0.00010369277580006045
CT dss 10 23 0 1.0019694172957516 -0.00010369277580006045
CT dss 10 24 0 1.0019694172957516 -0.00010369277580006045
CT dss 10 25 0 1.0019694172957516 -0.00010369277580006045
CT dss 10 26 0 1.0019694172957516 -0.00010369277580006045
CT dss 10 27 0 1.0019694172957516 -0.00010369277580006045
CT dss 10 28 0 1.0019694172957516 -0.00010369277580006045
CT dss 10 29 0 1.0019694172957516 -0.00010369277580006045
CT dss 10 30 0 1.0019694172957516 -0.00010369277580006045
CT dss 10 31 0 1.0019694172957516 -0.00010369277580006045
CT dss 10 32 0 1.0019694172957516 -0.00010369277580006045
CT dss 10 33 0 1.0019694172957516 -0.00010369277580006045
CT dss 10 34 0 1.0019694172957516 -0.00010369277580006045
CT dss 10 35 0 1.0019694172957516 -0.00010369277580006045
CT dss 10 36 0 1.0019694172957516 -0.00010369277580006045
CT dss 10 37 0 1.0019694172957516 -0.00010369277580006045
CT dss 10 1 1 1.0019694172957516 -0.00010369277580006045
CT dss 10 2 1 1.0019694172957516 -0.00010369277580006045
CT dss 10 3 1 1.0019694172957516 -0.00010369277580006045
CT dss 10 4 1 1.0019694172957516 -0.00010369277580006045
CT dss 10 5 1 1.0019694172957516 -0.00010369277580006045
CT dss 10 6 1 1.0019694172957516 -0.00010369277580006045
CT dss 10 7 1 1.0019694172957516 -0.00010369277580006045
CT dss 10 8 1 1.0019694172957516 -0.00010369277580006045
CT dss 10 9 1 1.0019694172957516 -0.00010369277580006045
CT dss 10 10 1 1.0019694172957516 -0.00010369277580006045
CT dss 10 11 1 1.0019694172957516 -0.00010369277580006045
CT dss 10 12 1 1.0019694172957516 -0.00010369277580006045
CT dss 10 13 1 1.0019694172957516 -0.00010369277580006045
CT dss 10 14 1 1.0019694172957516 -0.00010369277580006045
CT dss 10 15 1 1.0019694172957516 -0.00010369277580006045
CT dss 10 16 1 1.0019694172957516 -0.00010369277580006045
CT dss 10 17 1 1.0019694172957516 -0.00010369277580006045
CT dss 10 18 1 1.0019694172957516 -0.00010369277580006045
CT dss 10 19 1 1.0019694172957516 -0.00010369277580006045
CT dss 10 20 1 1.0019694172957516 -0.00010369277580006045
CT dss 10 21 1 1.0019694172957516 -0.00010369277580006045
CT dss 10 22 1 1.0019694172957516 -0.00010369277580006045
CT dss 10 23 1 1.0019694172957516 -0.00010369277580006045
CT dss 10 24 1 1.0019694172957516 -0.00010369277580006045
CT dss 10 25 1 1.0019694172957516 -0.00010369277580006045
CT dss 10 26 1 1.0019694172957516 -0.00010369277580006045
CT dss 10 27 1 1.0019694172957516 -0.00010369277580006045
CT dss 10 28 1 1.0019694172957516 -0.00010369277580006045
CT dss 10 29 1 1.0019694172957516 -0.00010369277580006045
CT dss 10 30 1 1.0019694172957516 -0.00010369277580006045
CT dss 10 31 1 1.0019694172957516 -0.00010369277580006045
CT dss 10 32 1 1.0019694172957516 -0.00010369277580006045
CT dss 10 33 1 1.0019694172957516 -0.00010369277580006045
CT dss 10 34 1 1.0019694172957516 -0.00010369277580006045
CT dss 10 35 1 1.0019694172957516 -0.00010369277580006045
CT dss 10 36 1 1.0019694172957516 -0.00010369277580006045
CT dss 10 37 1 1.0019694172957516 -0.00010369277580006045
CT dss 11 1 0 1.0019694172957516 -0.00010369277580006045
CT dss 11 2 0 1.0019694172957516 -0.00010369277580006045
CT dss 11 3 0 1.0019694172957516 -0.00010369277580006045
CT dss 11 4 0 1.0019694172957516 -0.00010369277580006045
CT dss 11 5 0 1.0019694172957516 -0.00010369277580006045
CT dss 11 6 0 1.0019694172957516 -0.00010369277580006045
CT dss 11 7 0 1.0019694172957516 -0.00010369277580006045
CT dss 11 8 0 1.0019694172957516 -0.00010369277580006045
CT dss 11 9 0 1.0019694172957516 -0.00010369277580006045
CT dss 11 10 0 1.0019694172957516 -0.00010369277580006045
CT dss 11 11 0 1.0019694172957516 -0.00010369277580006045
CT dss 11 12 0 1.0019694172957516 -0.00010369277580006045
CT dss 11 13 0 1.0019694172957516 -0.00010369277580006045
CT dss 11 14 0 1.0019694172957516 -0.00010369277580006045
CT dss 11 15 0 1.0019694172957516 -0.00010369277580006045
CT dss 11 16 0 1.0019694172957516 -0.00010369277580006045
CT dss 11 17 0 1.0019694172957516 -0.00010369277580006045
CT dss 11 18 0 1.0019694172957516 -0.00010369277580006045
CT dss 11 19 0 1.0019694172957516 -0.00010369277580006045
CT dss 11 20 0 1.0019694172957516 -0.00010369277580006045
CT dss 11 21 0 1.0019694172957516 -0.00010369277580006045
CT dss 11 22 0 1.0019694172957516 -0.00010369277580006045
CT dss 11 23 0 1.0019694172957516 -0.00010369277580006045
CT dss 11 24 0 1.0019694172957516 -0.00010369277580006045
CT dss 11 25 0 1.0019694172957516 -0.00010369277580006045
CT dss 11 26 0 1.0019694172957516 -0.00010369277580006045
CT dss 11 27 0 1.0019694172957516 -0.00010369277580006045
CT dss 11 28 0 1.0019694172957516 -0.00010369277580006045
CT dss 11 29 0 1.0019694172957516 -0.00010369277580006045
CT dss 11 30 0 1.0019694172957516 -0.00010369277580006045
CT dss 11 31 0 1.0019694172957516 -0.00010369277580006045
CT dss 11 32 0 1.0019694172957516 -0.00010369277580006045
CT dss 11 33 0 1.0019694172957516 -0.00010369277580006045
CT dss 11 34 0 1.0019694172957516 -0.00010369277580006045
CT dss 11 35 0 1.0019694172957516 -0.00010369277580006045
CT dss 11 36 0 1.0019694172957516 -0.00010369277580006045
CT dss 11 37 0 1.0019694172957516 -0.00010369277580006045
CT dss 11 1 1 1.0019694172957516 -0.00010369277580006045
CT dss 11 2 1 1.0019694172957516 -0.00010369277580006045
CT dss 11 3 1 1.0019694172957516 -0.00010369277580006045
CT dss 11 4 1 1.0019694172957516 -0.00010369277580006045
CT dss 11 5 1 1.0019694172957516 -0.00010369277580006045
CT dss 11 6 1 1.0019694172957516 -0.00010369277580006045
CT dss 11 7 1 1.0019694172957516 -0.00010369277580006045
CT dss 11 8 1 1.0019694172957516 -0.00010369277580006045
CT dss 11 9 1 1.0019694172957516 -0.00010369277580006045
CT dss 11 10 1 1.0019694172957516 -0.00010369277580006045
CT dss 11 11 1 1.0019694172957516 -0.00010369277580006045
CT dss 11 12 1 1.0019694172957516 -0.00010369277580006045
CT dss 11 13 1 1.0019694172957516 -0.00010369277580006045
CT dss 11 14 1 1.0019694172957516 -0.00010369277580006045
CT dss 11 15 1 1.0019694172957516 -0.00010369277580006045
CT dss 11 16 1 1.0019694172957516 -0.00010369277580006045
CT dss 11 17 1 1.0019694172957516 -0.00010369277580006045
CT dss 11 18 1 1.0019694172957516 -0.00010369277580006045
CT dss 11 19 1 1.0019694172957516 -0.00010369277580006045
CT dss 11 20 1 1.0019694172957516 -0.00010369277580006045
CT dss 11 21 1 1.0019694172957516 -0.00010369277580006045
CT dss 11 22 1 1.0019694172957516 -0.00010369277580006045
CT dss 11 23 1 1.0019694172957516 -0.00010369277580006045
CT dss 11 24 1 1.0019694172957516 -0.00010369277580006045
CT dss 11 25 1 1.0019694172957516 -0.00010369277580006045
CT dss 11 26 1 1.0019694172957516 -0.00010369277580006045
CT dss 11 27 1 1.0019694172957516 -0.00010369277580006045
CT dss 11 28 1 1.0019694172957516 -0.00010369277580006045
CT dss 11 29 1 1.0019694172957516 -0.00010369277580006045
CT dss 11 30 1 1.0019694172957516 -0.00010369277580006045
CT dss 11 31 1 1.0019694172957516 -0.00010369277580006045
CT dss 11 32 1 1.0019694172957516 -0.00010369277580006045
CT dss 11 33 1 1.0019694172957516 -0.00010369277580006045
CT dss 11 34 1 1.0019694172957516 -0.00010369277580006045
CT dss 11 35 1 1.0019694172957516 -0.00010369277580006045
CT dss 11 36 1 1.0019694172957516 -0.00010369277580006045
CT dss 11 37 1 1.0019694172957516 -0.00010369277580006045
